34
0 16 1 2 3 4 5 6 7 8 10 11 12 13 17 19 21 31 
1 9 0 2 3 7 13 17 19 21 30 
2 10 0 1 3 7 8 9 13 27 28 32 
3 6 0 1 2 7 12 13 
4 3 0 6 10 
5 4 0 6 10 16 
6 4 0 4 5 16 
7 4 0 1 2 3 
8 5 0 2 30 32 33 
9 2 2 33 
10 3 0 4 5 
11 1 0 
12 2 0 3 
13 5 0 1 2 3 33 
14 2 32 33 
15 2 32 33 
16 2 5 6 
17 2 0 1 
18 2 32 33 
19 3 0 1 33 
20 2 32 33 
21 2 0 1 
22 2 32 33 
23 5 25 27 29 32 33 
24 3 25 27 31 
25 3 23 24 31 
26 2 29 33 
27 4 2 23 24 33 
28 3 2 31 33 
29 4 23 26 32 33 
30 4 1 8 32 33 
31 6 0 24 25 28 32 33 
32 12 2 8 14 15 18 20 22 23 29 30 31 33 
33 17 8 9 13 14 15 18 19 20 23 26 27 28 29 30 31 32 22 
