1000
0 19 633 394 693 701 328 663 591 511 311 946 834 670 590 432 529 292 217 63 620 
1 17 576 980 237 861 678 999 455 242 422 42 329 278 381 323 521 826 181 
2 12 140 419 399 677 675 572 484 386 910 475 697 768 
3 17 21 88 639 392 837 4 209 699 581 775 765 135 383 693 785 576 629 
4 10 201 3 525 509 850 523 193 427 451 96 
5 22 877 371 761 969 781 556 474 808 211 437 404 986 798 303 151 692 953 928 378 722 738 796 
6 18 246 567 250 784 698 236 332 818 265 723 177 687 760 85 794 221 269 730 
7 23 363 479 542 164 290 737 228 438 973 291 293 56 734 571 667 885 620 34 934 61 928 434 580 
8 19 790 56 302 130 752 66 653 375 695 887 528 871 796 882 793 148 724 331 185 
9 18 110 912 54 564 224 17 818 285 466 636 856 857 592 800 449 306 155 62 
10 14 540 105 673 187 115 615 46 196 145 613 23 120 629 314 
11 21 466 84 202 991 905 328 200 942 672 676 374 795 677 888 684 970 235 873 77 586 896 
12 12 735 861 803 866 151 918 14 127 19 948 43 665 
13 28 871 245 44 546 960 687 228 431 812 62 793 155 876 484 143 348 630 333 406 907 628 525 996 611 894 66 398 758 
14 13 920 301 786 964 532 12 578 808 507 508 397 160 693 
15 23 707 262 336 933 394 818 478 779 232 80 173 662 718 58 480 138 541 584 348 746 151 887 581 
16 21 145 196 942 546 982 829 439 628 697 903 948 875 796 595 189 709 369 700 470 183 945 
17 19 51 732 564 617 109 9 431 679 223 99 97 77 750 979 608 688 69 281 148 
18 28 32 375 594 775 59 496 810 251 821 968 922 121 729 864 404 57 94 828 770 749 650 515 997 303 538 245 964 733 
19 19 116 28 181 639 564 545 96 418 514 12 436 577 988 464 283 335 927 68 356 
20 16 965 831 116 500 244 854 805 727 187 438 140 519 372 511 779 966 
21 18 3 895 135 509 248 806 418 357 632 994 621 519 779 51 44 811 773 923 
22 21 979 662 29 309 615 558 137 496 398 93 656 254 706 811 741 506 107 774 481 904 650 
23 13 719 625 858 761 419 297 972 479 429 424 876 715 10 
24 24 900 648 607 75 430 704 70 407 90 741 309 860 462 173 660 996 698 302 270 640 560 652 486 274 
25 13 419 978 893 679 316 904 858 558 973 822 71 620 769 
26 20 568 783 419 637 380 921 519 372 619 613 190 752 733 139 569 651 91 786 942 652 
27 13 409 976 152 761 891 837 547 326 863 785 182 265 509 
28 18 839 692 19 325 531 191 505 39 824 945 895 82 143 872 344 86 193 844 
29 17 899 419 559 201 22 359 760 892 745 757 32 884 79 156 494 712 706 
30 19 158 156 493 320 575 99 449 197 284 185 518 935 615 324 347 664 844 870 495 
31 12 96 839 408 279 538 113 443 147 981 914 536 220 
32 19 18 739 787 876 905 932 544 207 806 370 29 360 163 417 863 275 430 96 443 
33 13 853 285 172 749 47 98 792 828 184 738 223 130 750 
34 14 772 591 707 883 596 315 129 784 608 7 893 356 69 738 
35 11 655 286 430 728 632 37 175 197 101 855 269 
36 18 863 433 479 742 818 664 587 44 217 207 294 311 212 94 368 865 367 937 
37 20 960 904 482 419 233 830 35 744 499 704 409 994 840 827 553 144 746 985 497 201 
38 16 463 642 776 68 122 778 903 225 371 731 791 413 48 239 688 134 
39 19 993 310 219 288 183 517 867 404 28 901 444 317 234 145 958 326 457 539 809 
40 15 202 193 99 562 707 510 585 413 953 749 105 642 602 215 434 
41 20 94 827 789 527 862 266 586 252 63 378 856 568 824 317 889 43 650 809 669 161 
42 16 105 642 229 170 873 379 907 916 1 395 275 174 484 528 561 194 
43 16 253 767 438 959 370 636 711 481 625 501 275 12 41 712 979 686 
44 15 46 454 13 832 36 732 794 121 987 886 109 673 135 21 485 
45 18 845 264 587 447 181 379 409 996 125 306 350 542 531 89 945 787 994 184 
46 22 486 44 891 633 745 926 575 164 995 10 838 410 564 385 831 369 140 762 194 603 825 989 
47 25 270 380 911 780 670 260 396 33 131 192 527 385 759 114 508 657 213 220 121 615 200 208 502 129 582 
48 23 541 265 846 97 289 895 388 175 956 71 815 873 653 131 504 751 885 269 38 572 316 189 848 
49 17 419 538 142 752 138 760 896 787 465 971 511 993 570 327 352 661 903 
50 10 367 821 230 94 741 455 300 84 106 365 
51 21 17 395 85 516 385 291 966 916 852 658 164 317 873 802 784 21 644 144 505 861 538 
52 13 425 288 226 835 278 502 925 935 162 304 400 613 268 
53 14 882 825 806 849 783 246 767 159 760 794 110 798 62 886 
54 12 597 504 513 9 532 254 103 691 554 993 702 728 
55 18 309 530 288 320 448 251 838 837 869 192 692 724 913 647 252 772 861 584 
56 19 143 8 766 423 214 193 762 776 265 7 685 613 738 429 307 536 699 88 363 
57 23 716 981 608 639 400 602 185 819 455 837 18 409 190 171 718 559 618 504 70 872 629 89 486 
58 17 394 514 803 951 444 543 154 552 209 15 236 98 123 323 700 472 558 
59 19 676 349 670 714 18 205 344 601 72 158 132 653 336 852 259 925 275 656 589 
60 22 381 474 979 421 700 550 850 355 341 258 116 679 105 533 576 92 795 472 461 127 853 86 
61 19 748 492 225 815 64 595 413 396 429 809 348 566 213 744 549 7 830 670 257 
62 15 253 937 762 932 301 649 884 632 13 953 764 830 9 76 53 
63 14 446 615 368 659 41 543 137 915 698 93 214 0 831 734 
64 13 913 988 61 574 683 302 97 159 779 733 142 969 888 
65 15 942 563 224 220 980 311 540 498 952 930 959 330 557 69 632 
66 25 381 687 964 780 416 566 8 92 335 463 102 961 508 600 724 96 390 937 654 316 619 923 13 378 308 
67 17 214 433 640 89 202 383 749 221 182 525 820 517 660 91 396 554 536 
68 20 150 963 207 901 910 741 986 778 38 885 728 577 552 218 554 167 159 436 894 19 
69 22 519 438 975 822 526 700 897 986 345 738 308 980 264 175 65 516 588 199 17 34 702 212 
70 17 748 967 739 492 24 548 845 359 109 855 567 831 624 471 82 57 226 
71 26 596 602 439 190 902 197 380 239 48 304 396 794 871 559 470 705 922 411 253 25 660 657 799 666 192 779 
72 20 154 915 943 337 665 395 771 59 87 682 195 777 578 803 83 133 616 183 926 874 
73 16 798 647 596 91 792 110 240 772 556 673 613 320 140 461 992 307 
74 17 970 696 817 790 838 469 232 430 508 555 941 772 666 180 947 846 362 
75 15 563 820 410 517 795 24 715 626 195 106 743 973 718 495 190 
76 25 154 294 763 77 666 81 330 346 574 853 411 398 102 910 343 969 407 97 261 391 312 951 606 62 522 
77 22 76 863 100 851 252 150 397 831 105 503 492 516 834 136 959 277 879 529 17 519 11 118 
78 17 211 248 176 996 755 312 978 85 747 965 952 897 716 612 405 326 164 
79 19 875 117 205 207 99 966 298 326 802 186 817 972 763 905 211 948 29 783 204 
80 23 309 634 242 878 526 189 15 519 325 813 102 239 269 177 434 350 898 932 611 774 635 82 629 
81 18 645 845 76 592 443 452 704 212 968 220 401 417 483 83 217 876 490 677 
82 15 916 305 763 484 574 547 103 957 755 28 634 523 80 70 718 
83 17 490 312 144 318 604 285 812 880 980 258 72 81 95 369 985 520 515 
84 14 11 772 452 151 556 252 535 795 993 355 453 50 173 181 
85 26 252 51 309 312 123 513 407 877 187 89 392 683 301 714 412 78 884 342 6 315 206 485 841 592 814 776 
86 14 501 980 697 582 694 710 566 638 334 607 28 350 60 523 
87 15 450 435 293 613 126 495 365 340 72 267 367 317 189 217 434 
88 20 3 239 741 570 876 365 761 746 289 615 985 256 367 806 102 261 385 913 871 56 
89 21 649 237 470 67 259 510 941 120 159 432 384 85 724 111 45 99 282 865 57 659 124 
90 12 436 591 803 805 24 251 632 560 437 766 993 130 
91 25 275 416 663 126 73 935 808 217 903 588 743 549 590 305 989 652 925 857 735 67 26 273 116 300 483 
92 16 474 106 927 201 66 557 555 523 367 60 934 197 214 419 689 961 
93 26 883 812 501 964 449 763 124 22 185 155 160 668 489 557 988 528 682 790 640 650 813 360 279 63 694 805 
94 15 41 549 178 994 255 50 396 324 36 18 814 289 519 616 623 
95 18 394 175 299 729 594 450 905 152 340 625 828 205 100 973 83 764 353 178 
96 24 31 534 511 724 867 990 307 517 395 710 602 876 19 66 304 266 211 100 32 997 397 858 922 4 
97 33 174 359 504 905 611 250 699 48 117 991 64 931 189 195 817 948 809 855 728 595 524 210 393 873 17 674 232 527 76 297 795 594 347 
98 21 317 182 682 930 827 596 639 340 417 33 58 358 590 139 970 992 896 403 430 696 280 
99 24 40 79 323 492 30 800 382 670 875 442 925 975 667 17 330 275 89 904 685 517 534 477 956 570 
100 15 201 951 759 766 174 77 828 376 95 256 96 264 744 689 901 
101 21 855 676 582 874 849 880 911 662 211 639 137 404 35 231 734 118 221 605 530 354 218 
102 24 865 530 876 685 929 841 995 80 239 241 66 76 116 575 558 420 385 88 998 286 700 632 218 658 
103 19 933 823 719 853 706 82 344 590 600 594 54 209 351 685 954 534 340 485 509 
104 16 305 953 589 113 276 625 510 199 889 352 776 578 145 387 513 459 
105 13 42 10 818 553 77 853 60 272 40 966 985 591 387 
106 16 768 92 244 75 256 471 748 394 679 307 758 50 178 346 709 184 
107 16 595 451 596 873 211 295 879 802 167 854 168 991 22 380 149 155 
108 18 334 449 387 164 777 154 635 609 389 412 354 181 721 671 906 599 130 241 
109 20 295 853 707 605 17 296 193 318 810 44 628 532 70 766 132 467 858 319 342 911 
110 14 755 9 696 344 203 73 885 728 514 612 53 494 462 893 
111 25 789 325 486 690 910 776 640 536 226 627 953 423 89 297 813 498 888 540 639 699 563 899 321 852 787 
112 26 630 712 791 217 128 529 922 870 894 448 990 279 235 552 615 159 418 486 673 827 965 160 585 979 824 921 
113 23 237 547 277 668 376 104 750 694 31 504 374 215 935 333 815 188 853 339 440 284 462 334 451 
114 19 158 999 144 775 697 921 653 931 47 424 536 551 797 985 598 234 832 206 637 
115 13 618 558 10 235 325 296 316 913 699 155 537 958 627 
116 16 427 20 931 19 60 622 218 940 227 102 734 989 767 91 422 635 
117 13 79 958 97 118 779 954 688 126 886 569 507 139 903 
118 24 577 614 929 745 443 794 227 117 736 274 397 701 702 500 471 992 131 101 820 445 593 845 77 176 
119 15 434 858 486 776 393 892 879 156 781 523 903 187 355 260 208 
120 21 792 778 385 702 707 952 89 865 978 691 659 287 475 135 208 303 257 297 650 10 997 
121 25 597 18 437 469 968 810 442 44 394 951 749 919 47 413 165 398 902 307 194 955 197 571 910 994 173 
122 20 616 976 344 664 253 812 357 38 361 123 434 327 451 271 147 762 622 649 453 753 
123 19 321 304 85 179 451 316 256 122 240 409 850 699 685 58 153 887 616 472 972 
124 13 175 712 647 93 917 740 615 190 462 637 687 337 89 
125 19 605 715 618 180 145 803 437 387 508 325 45 665 671 346 613 595 727 644 987 
126 17 460 654 91 131 87 933 231 856 755 797 117 939 296 473 793 453 858 
127 10 802 702 12 242 857 435 457 133 60 751 
128 23 658 680 252 112 243 437 965 441 199 256 832 671 697 449 472 374 890 811 555 159 377 993 532 
129 14 428 426 156 290 645 34 836 946 205 777 241 47 179 357 
130 20 194 695 8 699 235 407 800 352 883 231 901 370 328 168 471 33 108 873 90 871 
131 23 163 593 154 126 936 968 307 708 648 47 652 308 363 48 341 476 570 490 942 118 608 973 391 
132 15 523 540 657 546 288 654 908 59 897 109 855 411 460 649 616 
133 16 258 235 755 637 819 736 697 558 323 958 609 72 957 846 396 127 
134 21 834 787 623 665 198 632 685 695 288 780 306 523 701 568 656 195 663 321 38 154 840 
135 22 338 21 187 428 642 506 757 316 44 3 272 120 828 499 727 697 303 192 333 634 265 700 
136 18 653 488 229 611 155 710 280 377 196 420 785 471 77 739 960 394 329 148 
137 26 807 434 956 881 808 955 470 467 22 457 544 199 752 723 583 797 610 206 63 149 396 811 101 154 488 921 
138 21 143 947 893 961 794 654 792 829 506 49 194 15 192 691 598 802 548 878 944 602 463 
139 17 362 510 365 350 541 471 364 703 662 434 26 997 98 646 318 910 117 
140 22 2 938 225 989 933 824 512 685 864 527 179 20 604 201 46 391 157 73 608 644 430 509 
141 20 479 557 484 378 806 352 910 993 168 324 961 316 960 424 942 948 410 146 744 773 
142 16 419 820 191 49 309 562 469 447 645 665 603 950 187 64 266 838 
143 30 735 275 144 56 268 138 668 373 782 766 169 410 709 633 221 852 530 945 583 608 13 252 28 727 205 454 824 147 331 731 
144 18 382 900 143 114 930 953 83 987 810 395 220 658 609 614 37 51 321 537 
145 13 16 873 125 632 241 612 303 768 893 10 39 338 104 
146 10 229 950 233 893 377 688 141 674 610 881 
147 24 499 378 893 698 561 494 161 875 194 957 456 287 779 31 149 447 143 221 122 796 552 343 718 623 
148 15 788 843 634 326 619 734 904 287 741 401 678 8 200 136 17 
149 20 882 927 295 515 511 624 522 766 147 137 536 421 858 797 792 535 107 203 386 161 
150 14 68 553 730 870 77 756 843 894 929 690 783 199 508 845 
151 21 807 490 767 283 421 422 84 598 404 724 459 12 910 562 187 5 670 847 15 417 717 
152 19 659 983 712 735 934 299 228 27 95 404 206 235 757 476 481 497 276 270 466 
153 19 958 922 480 727 519 995 174 998 613 382 919 855 948 198 593 749 123 252 723 
154 21 76 988 809 131 72 108 912 249 58 540 465 932 613 568 725 137 641 377 637 953 134 
155 24 635 342 992 729 551 656 136 621 93 239 13 735 588 833 941 115 9 876 697 502 418 107 287 965 
156 16 30 641 224 327 129 119 29 550 570 307 442 791 770 717 558 736 
157 17 208 299 221 843 814 902 339 727 529 356 975 263 291 769 140 430 519 
158 19 114 30 479 742 748 248 470 402 469 59 690 964 263 913 415 810 935 359 215 
159 16 807 832 903 89 64 194 496 442 53 353 112 745 128 68 672 173 
160 21 547 250 660 699 964 769 586 903 93 526 488 563 420 294 307 717 549 112 972 14 220 
161 17 462 973 284 246 147 927 356 429 961 318 480 683 782 469 149 41 996 
162 17 770 691 454 188 799 721 798 571 977 383 596 389 52 187 246 753 862 
163 11 265 131 848 267 382 904 782 32 621 420 996 
164 18 924 183 383 7 46 108 207 616 905 51 739 819 454 429 672 614 781 78 
165 11 408 752 791 834 565 534 715 520 121 466 640 
166 14 354 907 220 465 838 553 716 387 187 913 742 917 246 683 
167 16 764 649 423 819 227 322 620 305 229 832 312 107 68 628 372 410 
168 21 381 319 178 463 629 649 642 986 238 141 296 468 806 890 130 508 107 205 763 914 915 
169 18 719 238 143 971 929 175 839 445 756 292 961 670 872 356 283 776 501 903 
170 15 442 936 629 462 42 498 782 696 326 272 532 437 587 410 751 
171 20 954 969 461 309 270 625 820 332 279 918 852 916 234 948 238 57 588 274 813 878 
172 15 281 33 872 529 724 210 237 268 202 562 508 973 627 344 663 
173 22 175 857 476 820 369 195 197 735 953 15 426 778 793 24 657 570 516 84 463 159 784 121 
174 17 97 883 384 100 153 324 964 662 592 495 515 882 855 546 970 682 42 
175 22 173 124 95 927 729 169 714 226 48 35 915 637 420 520 615 320 866 69 825 861 990 692 
176 13 490 394 651 78 396 863 660 313 728 512 259 200 118 
177 14 781 218 584 559 372 80 265 706 6 980 922 739 646 513 
178 18 573 94 900 906 168 643 466 412 795 972 778 420 106 851 415 706 754 95 
179 20 212 441 940 123 444 908 521 706 968 653 786 257 140 317 485 817 129 493 594 939 
180 18 590 975 845 913 675 125 829 931 483 996 621 461 575 330 74 211 713 804 
181 17 494 703 478 659 418 979 354 45 19 262 400 197 108 84 763 1 769 
182 14 255 98 375 257 709 849 877 842 602 707 67 488 527 27 
183 20 164 390 39 968 698 225 224 242 621 859 721 298 448 368 687 552 72 189 16 295 
184 14 688 913 723 204 364 868 410 476 33 264 813 45 106 845 
185 16 554 525 57 93 834 30 705 891 978 232 863 234 498 909 851 8 
186 16 572 714 458 235 639 79 764 282 785 698 191 697 442 913 853 271 
187 21 446 323 135 10 562 569 85 330 166 20 216 400 151 142 162 342 119 281 601 719 244 
188 13 217 686 787 162 625 755 410 948 441 667 460 113 685 
189 24 208 978 340 768 80 457 607 884 97 242 852 194 849 87 16 381 937 590 435 401 183 48 601 213 
190 19 820 659 958 331 913 71 406 124 963 26 57 932 432 815 428 634 253 75 633 
191 16 916 382 355 982 403 142 28 924 595 518 959 186 666 260 540 321 
192 20 210 205 538 401 836 47 55 898 138 710 373 940 461 531 492 135 409 804 71 853 
193 15 985 823 40 868 56 109 296 213 376 205 807 4 936 350 28 
194 22 433 866 130 595 657 614 878 845 386 347 147 159 713 613 138 189 121 466 46 361 722 42 
195 17 825 457 462 307 173 75 616 888 304 97 348 134 843 72 683 594 303 
196 21 410 804 16 495 873 813 136 641 831 849 897 10 436 800 960 313 887 304 801 338 776 
197 25 497 881 807 983 645 655 173 329 212 30 71 367 222 296 793 714 35 432 332 181 498 833 121 92 830 
198 15 910 252 404 933 134 619 406 614 955 153 522 555 595 521 334 
199 18 824 971 666 997 295 137 104 128 262 562 150 755 650 834 846 667 69 868 
200 19 230 11 534 689 265 513 526 47 578 326 784 240 444 793 274 260 176 148 859 
201 11 742 4 100 29 92 499 396 869 140 37 712 
202 19 437 11 40 390 67 365 863 521 739 398 804 172 219 459 672 907 244 354 881 
203 18 561 409 290 749 476 110 431 241 210 565 330 424 812 518 914 149 702 349 
204 15 953 433 962 394 514 273 184 293 232 971 416 579 964 79 911 
205 28 79 192 568 390 703 781 59 417 909 582 452 772 633 365 626 427 289 902 193 129 143 95 168 269 733 864 701 368 
206 17 347 460 531 802 247 260 483 886 137 152 378 330 85 605 577 517 114 
207 14 319 68 79 475 32 164 36 294 848 581 963 600 229 643 
208 19 189 157 893 763 414 999 614 805 226 120 825 47 920 218 871 947 998 119 605 
209 15 774 604 743 3 288 430 284 58 593 103 710 734 823 766 448 
210 9 192 231 172 203 618 233 226 97 540 
211 21 78 836 335 215 805 107 79 5 545 383 601 101 435 337 667 247 572 96 930 961 180 
212 21 618 179 731 345 500 763 197 694 876 516 230 81 867 658 269 36 729 592 245 287 69 
213 23 926 305 887 941 754 947 367 378 193 533 47 61 371 721 797 372 239 707 973 904 419 189 944 
214 15 889 67 472 906 56 223 325 278 532 753 265 92 553 228 63 
215 22 253 418 586 653 942 211 676 290 395 818 735 326 480 113 252 258 532 40 908 475 703 158 
216 14 784 861 482 593 736 681 511 294 187 374 715 610 517 822 
217 19 188 894 996 933 112 699 91 36 614 650 675 250 987 542 0 87 775 81 806 
218 27 629 177 612 588 648 818 361 116 919 961 730 580 909 826 68 448 208 591 715 904 741 598 885 434 102 283 101 
219 10 883 474 39 232 666 849 608 202 842 819 
220 14 65 166 925 296 811 47 144 81 268 313 859 31 160 520 
221 21 811 157 647 661 861 730 928 143 620 236 550 67 323 608 147 935 6 921 252 101 339 
222 19 764 498 227 664 792 412 817 197 520 463 705 234 825 840 521 291 594 243 776 
223 16 544 286 251 791 389 707 746 485 902 214 17 463 434 918 33 466 
224 26 926 65 358 574 156 602 694 9 880 676 446 183 935 922 388 925 638 739 854 323 914 819 465 771 378 865 
225 16 255 398 61 140 633 817 183 421 457 38 881 281 749 788 565 328 
226 17 852 448 52 779 208 175 229 835 111 210 665 459 931 519 542 70 806 
227 18 518 478 331 167 222 809 116 600 118 500 349 868 430 354 871 904 305 775 
228 13 342 644 700 13 152 7 479 330 942 736 406 214 371 
229 20 410 146 284 535 136 862 679 42 167 226 688 337 261 846 556 973 306 617 207 860 
230 12 805 839 200 344 724 50 212 546 833 423 862 273 
231 19 324 210 485 402 989 910 502 460 126 307 478 467 539 248 130 772 480 101 627 
232 24 977 759 325 686 776 15 806 842 219 74 905 761 204 801 990 577 710 185 424 850 620 276 97 382 
233 18 653 409 890 882 736 37 146 857 362 528 210 845 402 384 262 948 501 414 
234 23 319 655 898 406 719 408 342 869 270 974 313 222 318 39 701 171 310 997 893 185 663 114 726 
235 21 651 354 847 186 133 960 115 130 684 112 924 363 631 152 11 727 889 867 771 524 729 
236 17 728 303 822 497 325 618 6 221 888 610 58 876 452 266 306 382 491 
237 17 89 113 713 1 794 172 679 778 277 423 478 674 521 494 664 463 742 
238 19 821 399 827 169 648 560 846 969 654 832 843 168 171 755 917 594 542 928 411 
239 21 88 652 872 994 688 387 683 102 80 370 373 71 155 854 637 414 634 690 213 38 898 
240 16 859 753 361 472 73 370 819 765 123 494 667 587 612 324 200 974 
241 16 515 398 418 145 695 203 102 779 742 274 863 129 801 973 264 108 
242 17 80 715 440 654 183 635 189 127 824 1 561 276 961 649 549 530 426 
243 13 706 665 128 779 572 350 429 438 882 727 934 222 976 
244 11 350 708 408 490 106 654 20 915 202 187 597 
245 17 13 988 669 489 893 695 784 566 376 212 325 848 924 283 969 400 18 
246 20 6 687 511 161 553 749 992 489 955 724 610 549 53 385 596 334 162 794 544 166 
247 19 960 918 293 311 826 416 536 524 334 329 206 363 260 819 520 211 537 831 769 
248 12 708 21 78 158 373 231 677 394 635 893 514 835 
249 18 377 434 493 477 975 404 682 693 154 641 938 739 974 807 515 570 540 317 
250 15 393 6 160 97 359 985 928 848 217 433 788 547 725 755 864 
251 17 300 557 781 223 18 638 286 55 656 255 558 260 811 440 90 708 598 
252 26 411 85 332 198 589 128 952 485 800 77 84 938 497 283 301 41 143 683 215 840 993 55 153 221 728 583 
253 21 215 62 558 736 945 407 43 754 122 898 314 554 982 533 941 338 659 71 332 190 827 
254 17 564 477 441 770 759 54 22 386 853 298 533 606 449 292 829 728 336 
255 24 873 182 417 225 657 792 613 502 589 762 682 866 94 251 878 325 368 390 650 882 766 640 598 870 
256 20 624 307 906 809 123 106 718 987 665 629 128 423 581 580 88 927 100 341 510 625 
257 15 182 401 611 550 882 491 511 574 179 527 945 120 570 409 61 
258 18 133 60 670 716 349 678 750 600 697 83 976 799 522 215 500 386 341 367 
259 16 984 802 438 935 89 421 823 954 909 59 176 834 532 979 580 428 
260 20 929 496 477 735 47 432 928 206 725 364 683 247 251 859 868 191 474 119 200 724 
261 15 489 262 322 601 982 263 446 846 229 88 288 76 300 708 747 
262 24 821 656 15 972 400 835 261 797 720 312 322 837 181 285 810 823 199 917 233 355 473 728 950 776 
263 20 913 519 664 942 316 823 675 905 158 757 390 261 818 157 327 306 532 817 425 682 
264 21 314 280 469 578 633 45 983 597 310 407 941 952 801 184 69 592 624 241 100 918 807 
265 18 163 48 480 816 923 466 705 200 56 6 871 177 394 353 214 757 135 27 
266 20 958 995 451 902 635 585 323 41 747 769 513 96 992 760 142 353 236 332 800 724 
267 18 596 757 436 621 494 357 467 358 890 973 449 163 87 495 875 736 617 656 
268 15 143 507 810 285 859 561 571 172 565 220 293 503 915 620 52 
269 16 438 505 485 312 391 80 916 382 212 471 205 48 6 405 324 35 
270 19 415 47 808 171 234 632 284 521 835 334 523 604 24 785 886 152 740 329 433 
271 23 585 426 399 834 551 699 733 663 576 996 695 870 888 390 907 956 778 122 674 376 186 971 629 
272 19 676 415 984 637 839 751 276 338 460 135 170 105 521 343 824 486 468 950 324 
273 15 761 794 204 659 346 287 300 316 532 328 486 730 958 91 230 
274 16 666 376 667 501 956 500 778 241 118 171 803 916 533 200 764 24 
275 23 143 91 525 597 912 650 379 535 747 43 99 32 799 468 305 445 42 927 59 555 829 306 295 
276 24 472 606 793 868 930 940 695 104 624 980 538 272 583 499 242 232 906 152 687 770 925 543 800 649 
277 17 113 823 467 382 794 692 805 846 685 284 698 865 237 897 77 528 979 
278 12 287 52 754 751 336 214 658 1 329 501 979 542 
279 15 31 112 171 286 376 917 874 872 561 506 333 558 93 784 524 
280 19 264 499 768 459 696 344 975 136 844 401 808 712 936 417 831 390 863 98 926 
281 13 327 172 522 615 593 824 547 971 225 827 464 187 17 
282 14 403 467 825 955 829 186 707 663 372 873 346 89 536 365 
283 20 151 641 324 252 940 459 648 971 452 981 406 627 19 625 429 285 245 169 570 218 
284 30 521 293 815 966 161 934 229 421 905 745 394 560 733 759 30 270 277 209 491 330 917 998 508 649 611 896 113 986 400 744 
285 24 365 33 353 936 268 379 456 626 9 83 262 847 632 882 372 687 738 617 699 553 999 283 794 643 
286 21 795 811 723 621 223 459 35 379 663 251 634 279 772 793 774 692 856 960 530 365 102 
287 14 564 278 712 815 147 619 273 120 148 931 212 503 155 962 
288 19 744 525 951 52 375 39 55 547 209 958 134 292 853 132 425 453 587 823 261 
289 20 563 469 349 732 665 48 88 634 205 415 94 729 414 428 487 767 707 408 334 969 
290 13 565 203 7 829 858 215 129 430 542 956 343 617 847 
291 19 588 832 544 304 581 642 51 895 628 536 7 678 412 719 222 594 157 873 405 
292 23 578 565 739 635 807 288 629 169 772 960 826 972 610 0 433 623 756 474 254 422 855 366 684 
293 17 597 304 284 606 247 783 87 445 7 204 404 350 268 311 909 430 557 
294 19 76 635 927 896 586 550 901 365 625 36 207 216 160 371 573 818 588 786 726 
295 21 606 109 807 996 727 764 566 984 149 199 107 710 803 377 716 344 509 825 480 275 183 
296 20 948 730 478 526 449 109 358 115 197 881 823 220 689 193 168 950 725 126 683 361 
297 19 504 899 842 335 841 753 378 23 815 810 911 590 111 120 97 631 730 635 654 
298 19 469 835 513 512 411 684 79 379 484 183 387 564 254 377 452 850 801 798 369 
299 10 799 157 669 95 442 389 152 792 772 426 
300 21 639 847 357 539 251 976 441 927 942 807 478 389 273 538 50 523 751 750 407 91 261 
301 13 850 616 14 917 62 252 755 85 502 503 417 519 700 
302 14 543 509 8 885 627 64 715 774 24 893 745 629 447 592 
303 17 539 236 566 145 641 783 701 923 956 5 980 195 120 135 715 18 556 
304 17 293 504 842 291 123 195 635 819 71 713 766 96 498 52 762 196 626 
305 18 104 953 926 82 668 213 998 167 315 564 708 91 673 762 815 630 275 227 
306 21 883 823 751 377 765 791 134 45 630 545 892 511 9 637 488 229 263 236 353 275 476 
307 23 536 256 96 131 195 353 231 923 160 156 106 337 397 552 711 121 865 733 56 326 422 381 73 
308 11 734 498 662 926 894 131 69 811 691 656 66 
309 20 956 80 55 85 22 171 406 142 629 651 747 411 555 24 705 314 378 618 487 758 
310 13 673 39 984 264 794 677 234 709 502 952 977 837 923 
311 13 698 247 505 737 0 65 335 635 36 765 293 731 627 
312 20 401 85 641 269 474 319 954 420 262 83 956 78 713 167 777 602 772 750 76 477 
313 13 519 832 234 176 571 347 196 220 606 855 450 827 824 
314 14 264 859 794 915 253 876 767 309 965 684 843 877 502 10 
315 19 740 445 935 938 998 444 914 379 305 344 696 382 34 449 746 492 85 672 392 
316 22 347 733 527 263 123 25 135 115 592 731 273 931 801 484 141 66 510 48 434 595 451 758 
317 18 98 970 349 426 345 537 39 696 51 402 87 179 41 249 394 904 701 844 
318 18 954 564 652 83 812 733 109 661 676 234 443 606 870 161 401 139 552 427 
319 15 234 207 168 970 312 961 650 393 774 456 754 484 730 109 365 
320 15 657 961 750 30 55 539 784 352 339 175 73 681 616 365 525 
321 17 123 945 726 832 467 905 484 879 766 134 191 144 636 632 470 111 916 
322 13 706 409 677 261 622 167 262 562 366 637 896 614 410 
323 19 187 99 266 730 814 823 556 344 224 221 665 133 780 392 946 58 1 669 562 
324 22 231 776 764 283 376 969 706 333 476 174 840 94 732 709 141 30 401 240 475 435 269 272 
325 22 111 236 898 232 28 795 596 80 394 115 125 874 924 837 255 214 845 840 245 763 658 398 
326 18 461 555 378 148 582 79 385 170 215 755 27 431 200 39 699 802 307 78 
327 19 281 375 156 425 606 122 395 967 415 501 412 386 895 263 729 459 587 49 884 
328 25 604 585 0 11 569 506 980 437 579 646 894 495 463 701 787 130 273 373 469 823 673 584 225 801 732 
329 10 829 767 197 247 980 951 1 278 270 136 
330 25 734 678 588 669 76 792 583 187 687 284 452 228 203 99 206 650 818 525 723 779 65 703 180 527 931 
331 14 227 190 951 471 354 396 455 403 761 143 803 387 897 8 
332 15 252 576 933 350 954 171 958 620 6 197 365 567 253 598 266 
333 22 765 963 660 391 878 700 523 324 996 982 843 636 599 113 13 469 279 135 693 486 357 394 
334 22 108 923 878 669 396 531 346 247 270 956 674 459 86 246 530 893 446 701 113 289 498 198 
335 23 499 361 910 766 573 297 969 211 951 66 893 311 758 872 675 888 538 364 554 19 681 928 913 
336 12 15 646 903 862 931 905 278 59 971 468 342 254 
337 11 688 72 746 420 612 586 229 868 211 307 124 
338 15 135 384 451 272 145 491 716 253 613 527 885 547 196 854 839 
339 21 986 839 761 724 469 458 527 942 420 157 861 625 596 320 493 898 370 543 113 221 558 
340 22 525 854 189 940 433 677 728 541 98 87 723 95 458 942 917 961 923 550 485 103 705 645 
341 15 509 873 569 60 750 361 422 950 131 539 482 256 980 258 598 
342 16 155 426 882 234 228 464 85 187 462 109 625 389 680 975 336 738 
343 16 597 912 883 858 965 516 777 772 272 970 76 290 907 558 924 147 
344 29 122 230 110 922 280 545 59 908 315 813 103 553 898 323 354 713 377 295 673 742 616 739 728 860 28 948 841 172 634 
345 14 894 683 212 509 537 317 916 851 536 801 69 812 799 818 
346 18 462 769 76 334 796 913 273 477 125 520 611 282 760 106 386 603 763 968 
347 14 316 705 206 194 950 359 592 539 313 30 835 646 955 97 
348 16 508 578 447 646 414 195 61 576 769 13 627 15 814 392 935 863 
349 18 59 370 642 317 700 289 704 378 258 944 227 720 961 473 939 427 743 203 
350 19 244 728 608 139 582 332 630 243 785 806 45 80 574 293 791 675 86 193 780 
351 13 919 817 631 874 554 685 515 103 980 367 656 688 375 
352 19 759 376 604 367 141 130 320 974 779 653 489 944 763 104 843 500 49 628 616 
353 15 285 518 719 568 307 159 951 265 360 973 266 95 905 306 770 
354 15 235 166 920 792 869 181 331 344 108 227 964 672 852 202 101 
355 21 439 895 191 814 60 468 936 454 409 501 595 906 542 635 84 922 262 119 657 696 495 
356 17 605 686 671 789 841 161 571 495 566 587 157 651 524 169 34 833 19 
357 18 300 821 675 720 122 267 823 21 958 627 606 983 776 911 960 554 129 333 
358 18 394 224 872 817 359 794 638 963 296 907 267 855 923 572 98 852 973 754 
359 14 834 97 29 822 885 358 250 706 347 70 501 383 158 692 
360 13 389 460 832 434 819 32 915 491 353 762 93 935 676 
361 21 475 480 335 538 240 218 793 599 122 438 341 623 935 755 410 944 651 435 799 194 296 
362 18 480 139 736 885 516 700 445 646 691 477 747 233 645 934 993 735 795 74 
363 16 7 480 569 953 450 247 235 468 131 676 592 959 704 793 946 56 
364 16 387 496 793 541 457 139 578 184 260 425 941 627 335 968 991 779 
365 22 557 285 139 567 88 202 931 294 87 205 332 854 967 371 286 282 50 319 384 320 556 817 
366 16 941 397 825 718 723 780 834 322 929 528 707 870 838 383 889 292 
367 19 50 652 407 352 197 943 213 486 92 87 590 88 682 351 727 936 258 562 36 
368 18 830 604 480 63 653 431 953 504 255 781 183 566 452 730 36 824 524 205 
369 16 974 493 641 173 990 449 917 742 440 628 701 46 83 16 963 298 
370 22 663 805 349 964 668 449 930 240 239 823 43 32 803 795 130 605 913 339 813 485 623 390 
371 18 5 948 996 712 38 477 546 213 665 517 294 752 365 695 395 228 372 839 
372 22 534 681 919 574 526 381 177 675 883 26 282 285 801 20 916 167 213 718 371 894 835 860 
373 20 630 143 623 503 949 967 758 248 653 239 685 994 588 804 705 490 192 328 620 402 
374 12 595 564 11 113 454 568 128 216 734 710 649 870 
375 14 18 182 327 761 288 950 618 8 520 491 454 459 351 477 
376 16 274 454 113 352 324 851 100 742 279 193 245 534 756 617 271 936 
377 29 415 249 306 940 946 929 136 960 668 820 947 496 430 454 146 674 644 295 344 700 298 813 154 128 786 796 478 964 974 
378 28 147 326 920 141 297 386 880 869 349 795 213 41 811 789 445 206 309 865 686 759 918 5 224 700 728 739 66 450 
379 20 899 736 286 575 607 315 298 544 45 285 275 42 729 453 738 571 587 534 907 496 
380 13 47 382 933 71 26 889 393 918 636 743 776 107 780 
381 16 66 60 699 168 905 577 517 372 821 779 938 189 992 1 804 307 
382 19 144 191 941 979 506 277 380 617 99 315 153 163 269 403 402 799 232 236 798 
383 18 652 164 729 67 520 538 687 785 211 989 3 162 366 518 542 856 359 651 
384 10 531 174 338 445 824 958 89 233 513 365 
385 20 120 51 696 595 813 47 395 326 810 246 46 422 488 918 102 538 402 545 88 747 
386 16 855 525 786 890 378 194 972 254 2 327 975 258 441 487 346 149 
387 24 759 364 851 108 125 239 452 931 166 935 298 504 801 529 104 331 917 614 407 547 767 505 665 105 
388 14 786 751 854 904 995 801 48 404 224 528 576 731 490 459 
389 13 360 516 446 623 933 299 223 300 577 108 162 654 342 
390 18 531 557 202 183 205 809 421 499 476 255 271 66 849 263 873 280 370 529 
391 16 737 623 269 674 892 333 921 980 918 418 753 140 76 516 871 131 
392 18 897 3 696 895 896 840 85 939 494 323 669 822 456 348 657 449 721 315 
393 17 250 708 526 319 119 531 769 979 380 906 436 566 97 425 617 646 983 
394 29 494 0 58 358 15 95 176 913 907 284 204 325 439 121 881 581 106 265 586 860 865 583 898 248 894 317 136 333 485 
395 20 51 760 576 941 96 542 72 215 526 385 592 144 546 327 435 42 796 436 751 371 
396 22 517 518 61 334 453 176 47 864 418 331 94 520 444 71 201 137 605 67 133 570 750 537 
397 19 366 927 961 898 658 719 720 77 530 118 823 307 962 544 871 14 96 575 453 
398 20 516 225 241 458 670 22 899 971 614 202 76 624 470 121 603 684 748 716 13 325 
399 8 238 446 271 2 556 790 599 973 
400 20 262 869 919 57 608 671 181 705 968 844 825 806 187 677 52 936 284 870 640 245 
401 20 683 530 434 312 257 450 192 783 497 949 937 573 148 81 280 318 324 858 189 648 
402 20 906 636 231 458 595 986 740 492 941 158 494 317 233 707 382 373 385 573 461 745 
403 15 580 724 282 812 191 862 635 331 675 940 382 528 619 98 781 
404 20 431 969 249 713 198 39 691 572 151 686 825 388 152 18 5 715 293 101 596 851 
405 7 774 753 839 980 78 291 269 
406 17 234 309 551 658 712 190 809 972 198 13 511 283 602 228 970 772 644 
407 18 692 253 784 664 367 264 85 130 24 661 478 980 76 720 300 387 459 477 
408 16 31 869 165 906 234 244 990 700 530 876 881 409 851 421 289 930 
409 22 322 959 203 233 27 678 355 45 889 888 806 123 57 562 580 37 408 608 824 192 952 257 
410 21 497 196 75 229 525 621 143 600 188 765 595 428 745 46 184 441 361 170 141 322 167 
411 24 995 252 592 984 445 690 816 710 298 640 757 998 890 517 892 309 76 567 862 883 71 132 238 825 
412 15 714 762 996 178 222 85 801 472 108 291 327 842 647 961 705 
413 12 790 710 651 61 645 40 121 580 840 38 874 886 
414 21 731 999 208 724 684 466 417 599 624 348 239 568 890 796 603 289 769 728 882 567 233 
415 14 377 270 272 947 932 536 948 327 289 158 178 435 631 442 
416 14 91 960 247 66 514 917 511 434 204 955 971 911 696 799 
417 17 255 468 574 205 414 750 98 982 797 870 32 578 81 301 640 280 151 
418 20 591 215 561 470 241 494 181 396 21 608 19 112 391 495 722 891 595 155 935 946 
419 18 49 724 25 29 142 2 23 26 922 37 718 889 92 947 952 213 806 453 
420 18 312 901 815 337 863 339 160 175 178 136 534 644 986 102 163 654 649 950 
421 21 862 677 926 60 633 151 701 390 284 715 259 225 506 460 946 488 149 736 714 408 563 
422 21 501 953 151 612 761 341 532 427 385 774 1 627 488 566 456 443 292 843 524 307 116 
423 16 666 765 167 56 737 746 256 760 111 237 465 230 581 753 938 828 
424 14 767 701 696 663 557 114 591 23 203 232 440 141 764 723 
425 17 52 792 327 681 804 691 288 857 655 699 465 364 393 626 894 959 263 
426 14 893 342 129 271 894 317 885 173 614 720 505 558 299 242 
427 15 116 882 846 892 943 205 930 422 904 349 4 895 516 723 318 
428 13 452 491 129 135 856 410 976 521 190 561 289 953 259 
429 18 801 694 61 720 876 161 243 23 955 491 164 827 56 854 451 756 283 962 
430 23 559 24 930 35 209 808 539 290 734 74 377 687 960 227 923 728 590 32 293 98 157 140 795 
431 14 404 507 858 645 801 203 685 17 13 368 658 571 326 448 
432 15 975 816 572 260 89 445 197 810 0 565 190 644 629 863 602 
433 15 194 67 36 204 340 881 442 250 894 600 292 731 482 862 270 
434 24 119 137 515 401 249 880 490 360 122 80 416 139 223 720 887 927 911 7 40 316 218 87 995 637 
435 19 732 535 87 470 453 506 860 594 858 693 211 395 127 189 361 324 415 610 769 
436 18 481 649 90 267 911 697 824 489 990 483 196 19 393 559 68 395 547 859 
437 16 202 510 833 128 328 125 546 121 842 5 170 444 90 558 946 463 
438 17 269 904 259 69 705 748 43 361 7 559 243 20 847 724 656 796 969 
439 12 355 562 71 919 16 394 464 685 807 879 974 770 
440 15 838 500 593 242 863 369 799 915 251 424 673 957 113 525 752 
441 17 179 254 868 300 682 506 128 563 188 919 410 774 548 386 684 480 763 
442 21 816 170 299 955 713 739 121 99 503 159 478 809 876 699 433 186 944 648 156 511 415 
443 16 556 972 660 911 81 118 771 993 31 450 318 532 422 446 546 32 
444 21 612 315 577 179 58 909 768 39 686 396 780 862 927 493 573 437 502 656 200 582 822 
445 26 315 411 751 790 384 362 786 432 848 169 459 293 776 453 836 922 515 378 456 680 797 737 275 851 732 118 
446 20 187 63 399 623 389 525 224 547 540 786 693 699 773 976 261 932 744 639 334 443 
447 11 923 348 45 485 898 142 147 770 795 302 754 
448 13 226 761 112 55 985 678 183 576 458 218 674 431 209 
449 21 108 515 93 296 370 759 30 369 901 315 267 711 128 603 875 9 254 528 392 991 758 
450 17 555 87 871 401 904 95 762 363 443 994 873 679 313 751 890 607 378 
451 18 500 107 266 972 338 123 632 701 465 651 614 544 122 833 429 4 113 316 
452 22 710 428 818 985 84 456 387 205 81 330 725 907 713 573 849 283 368 298 236 900 741 538 
453 20 860 948 998 435 714 396 652 666 445 379 288 84 716 989 999 126 122 801 419 397 
454 15 942 44 376 162 355 930 374 666 583 377 143 164 375 654 733 
455 14 602 639 512 705 935 57 50 331 884 1 778 627 737 682 
456 15 641 452 752 147 285 702 525 319 860 603 825 530 445 422 392 
457 12 195 884 808 137 189 364 225 588 39 929 127 954 
458 10 186 963 398 639 402 339 340 448 563 981 
459 23 280 286 151 445 532 283 814 543 334 659 226 202 936 831 104 327 864 506 388 895 375 407 768 
460 21 660 470 126 206 469 360 535 687 534 231 616 483 272 421 520 600 474 188 132 819 482 
461 17 326 945 171 997 827 475 857 679 192 180 60 402 975 993 73 572 542 
462 19 161 195 346 170 726 639 24 124 902 955 519 849 342 490 705 497 110 113 944 
463 19 38 168 717 946 841 962 927 66 222 328 967 223 921 981 173 237 437 868 138 
464 11 721 661 804 966 705 342 439 747 281 19 601 
465 11 944 166 646 451 962 154 49 425 423 224 913 
466 17 11 819 503 508 414 472 178 265 9 475 194 152 556 165 223 938 810 
467 14 730 712 282 277 137 854 267 563 231 920 321 109 760 729 
468 14 547 948 417 500 941 685 821 355 854 363 168 275 336 272 
469 22 298 934 264 289 478 734 460 982 622 74 339 121 142 158 893 664 333 328 985 161 512 615 
470 18 460 726 544 89 418 435 137 539 745 158 621 709 723 71 398 937 16 321 
471 16 569 942 907 331 139 106 581 813 136 721 130 702 269 70 118 544 
472 15 276 876 592 214 745 240 667 466 128 412 782 58 60 929 123 
473 16 609 954 633 852 486 789 517 985 784 349 752 658 262 126 519 514 
474 15 60 506 92 709 219 312 849 5 868 866 460 292 260 982 889 
475 14 361 650 757 207 694 620 120 461 466 971 525 2 324 215 
476 15 173 203 324 706 904 390 184 152 887 927 131 791 515 306 781 
477 18 254 260 249 719 772 650 362 346 740 371 982 832 992 99 919 407 375 312 
478 13 893 181 15 227 469 296 300 407 231 442 237 975 377 
479 13 773 158 141 36 7 686 762 805 739 23 228 659 874 
480 24 362 361 895 510 153 587 533 265 368 363 823 722 832 215 15 929 161 557 231 840 768 441 295 850 
481 11 436 717 953 913 541 43 493 737 152 22 600 
482 14 952 740 658 854 850 216 37 945 726 801 341 433 847 460 
483 12 526 940 519 436 946 460 206 180 664 81 701 91 
484 15 637 141 82 520 813 298 13 653 2 316 319 321 499 860 42 
485 18 269 231 252 796 536 447 656 223 498 179 85 340 370 103 920 913 44 394 
486 17 46 111 119 693 517 473 367 112 273 710 272 815 618 333 24 643 57 
487 11 525 680 895 554 776 746 891 558 309 289 386 
488 14 136 160 949 923 385 422 182 137 922 421 306 985 816 948 
489 11 261 547 694 246 850 632 245 436 93 889 352 
490 20 83 814 176 151 434 244 657 736 703 729 373 679 131 925 388 462 780 809 838 81 
491 21 428 728 860 614 659 731 620 257 284 375 691 809 883 563 429 778 360 613 338 944 236 
492 18 61 99 719 70 762 630 402 869 603 818 315 77 192 931 550 809 749 898 
493 17 369 249 30 717 546 681 961 563 481 444 849 339 605 704 179 673 602 
494 19 394 181 787 714 147 418 267 240 392 402 754 595 781 29 772 110 237 502 766 
495 18 822 196 973 87 328 174 356 566 418 267 75 558 551 744 355 30 820 527 
496 16 528 260 364 18 832 745 22 973 159 547 993 377 829 989 574 379 
497 16 197 410 236 657 754 401 532 810 252 739 594 152 37 462 617 986 
498 16 567 222 308 886 809 170 65 485 640 197 304 733 185 111 568 334 
499 20 147 335 280 783 390 738 536 835 201 37 934 714 982 853 839 276 135 825 484 709 
500 23 451 521 20 212 440 468 974 740 586 274 668 513 993 227 785 352 515 935 808 118 258 568 676 
501 24 93 422 654 274 86 589 355 947 987 43 327 735 791 958 900 359 718 920 278 715 233 763 820 169 
502 22 903 625 964 670 255 231 52 940 798 985 678 301 781 444 47 155 973 310 494 999 770 314 
503 13 719 466 373 612 523 442 981 77 301 894 268 287 727 
504 17 297 304 54 735 97 113 674 648 387 890 641 368 48 810 57 678 823 
505 17 269 311 595 28 596 886 715 508 874 426 697 533 544 387 51 722 937 
506 19 474 795 382 135 328 591 435 987 138 441 421 584 752 525 843 279 22 459 567 
507 11 431 268 618 676 513 968 745 553 14 117 915 
508 25 348 815 679 466 983 755 682 125 505 905 47 66 956 284 645 837 168 14 150 74 806 172 564 572 617 
509 20 711 21 341 302 345 4 666 943 543 689 586 295 765 852 574 554 783 103 140 27 
510 18 480 139 437 89 541 993 581 104 650 40 679 564 772 866 256 316 718 656 
511 18 798 96 246 0 517 661 149 416 257 216 516 974 306 633 49 406 20 442 
512 13 991 771 583 298 959 455 140 718 780 176 690 784 469 
513 18 955 298 797 54 900 787 85 507 500 668 266 200 827 938 384 104 767 177 
514 19 858 962 58 566 642 870 935 416 204 636 837 537 19 110 523 587 811 473 248 
515 24 434 241 561 449 742 826 149 746 612 841 766 351 174 604 445 793 249 981 500 640 18 921 476 83 
516 28 560 398 51 720 389 529 790 964 552 362 343 212 727 511 571 77 975 643 619 173 985 391 596 69 621 427 575 650 
517 19 396 979 75 381 39 96 511 411 943 486 654 473 804 371 67 206 99 216 524 
518 13 396 227 353 995 838 30 191 527 383 203 799 741 656 
519 24 675 263 69 940 313 153 483 80 863 26 21 20 462 226 559 688 94 301 739 974 77 473 743 157 
520 22 882 656 545 383 884 484 375 222 756 165 396 962 346 460 247 175 890 640 83 678 657 220 
521 18 284 694 500 733 994 895 202 270 179 707 222 272 428 237 1 702 740 198 
522 16 961 281 571 699 720 149 677 836 258 198 931 539 696 876 667 76 
523 20 831 909 132 726 596 333 503 834 982 534 134 119 92 270 514 300 82 4 716 86 
524 15 975 806 247 804 628 969 97 356 235 422 599 368 767 517 279 
525 25 487 340 410 632 288 386 4 185 805 275 446 799 876 456 506 67 678 594 330 13 561 475 440 792 320 
526 22 483 393 80 638 296 810 855 69 820 372 923 395 898 160 599 950 883 200 620 582 692 857 
527 19 862 932 316 41 339 47 518 140 970 257 338 820 97 182 919 730 928 330 495 
528 21 496 868 590 891 593 606 757 388 893 233 93 915 8 366 403 277 449 557 934 42 656 
529 15 597 516 112 172 685 157 997 688 699 387 0 77 727 847 390 
530 23 102 401 55 975 840 143 408 904 670 815 397 702 456 708 286 334 950 814 647 101 242 841 643 
531 18 390 384 947 206 28 334 812 804 749 966 393 646 45 734 192 952 643 941 
532 20 909 497 747 997 54 14 686 422 459 578 109 273 443 170 681 214 259 215 263 128 
533 16 891 864 859 480 819 880 645 213 253 784 60 505 254 274 845 584 
534 24 96 372 973 952 894 200 460 923 165 523 575 978 821 939 420 993 937 955 790 376 103 99 692 379 
535 18 950 875 831 632 435 772 596 229 689 637 460 84 980 275 960 945 149 903 
536 16 307 247 291 485 499 655 111 415 345 114 31 149 804 282 56 67 
537 16 835 345 317 631 514 830 659 679 700 115 247 884 396 668 144 992 
538 20 869 192 49 361 31 781 383 694 994 910 276 646 300 335 385 780 51 18 964 452 
539 16 826 303 300 670 470 952 320 430 231 347 727 341 522 39 815 621 
540 17 10 132 853 633 154 65 446 695 249 722 913 191 111 638 899 210 635 
541 21 48 833 693 916 788 364 873 481 510 340 139 706 722 567 820 811 15 647 692 962 739 
542 19 642 814 7 618 854 606 395 725 290 45 355 832 217 383 226 238 692 278 461 
543 14 633 302 613 58 509 544 459 552 964 63 339 815 998 276 
544 28 612 291 223 470 799 595 379 32 863 662 137 543 614 451 941 505 805 721 898 965 397 246 775 820 471 871 726 611 
545 14 851 520 344 819 767 19 211 817 306 938 629 385 571 939 
546 20 767 590 16 13 708 743 437 724 132 897 493 395 682 371 230 687 174 634 443 823 
547 19 468 113 489 160 807 288 82 446 682 496 27 840 281 913 436 387 250 663 338 
548 6 696 752 70 835 441 138 
549 11 94 851 784 246 927 91 956 160 61 242 863 
550 15 904 60 257 294 969 980 221 625 729 156 688 973 340 721 492 
551 19 712 571 578 558 155 406 839 271 868 835 976 114 744 819 651 572 495 911 605 
552 18 601 730 516 602 58 577 112 543 599 612 957 998 68 882 183 307 318 147 
553 19 750 150 246 739 629 166 105 934 344 773 743 507 828 632 214 37 285 898 582 
554 20 185 919 922 615 767 613 487 351 253 962 833 711 54 68 630 335 876 357 509 67 
555 16 873 450 326 844 908 624 92 309 652 658 128 609 74 198 275 827 
556 14 443 822 84 5 399 323 594 980 73 229 466 615 303 365 
557 17 365 390 992 251 141 642 92 945 424 93 726 480 65 528 742 293 888 
558 30 115 253 551 856 846 809 22 990 752 609 652 251 681 908 25 133 579 426 102 487 700 437 343 279 495 58 907 339 755 156 
559 18 430 29 177 776 733 984 739 438 684 71 57 519 436 932 828 652 999 571 
560 11 516 238 908 767 284 581 730 668 90 24 653 
561 14 203 418 677 610 515 147 986 268 279 242 903 525 428 42 
562 18 439 187 697 40 651 322 643 839 142 682 409 852 199 151 835 172 367 323 
563 16 75 899 65 289 834 467 946 441 160 493 491 937 458 111 421 615 
564 19 254 287 374 17 9 631 318 626 876 19 843 757 305 510 298 46 508 623 587 
565 17 290 960 292 700 791 957 165 634 983 833 606 203 268 432 775 794 225 
566 19 514 66 295 303 688 715 61 697 356 86 495 393 368 731 245 630 422 932 873 
567 14 498 6 365 713 913 541 411 70 785 917 332 829 414 506 
568 17 205 600 26 870 353 947 683 374 134 414 41 154 595 832 985 498 500 
569 13 471 341 328 187 577 363 644 620 761 963 26 117 971 
570 17 88 797 911 996 156 173 249 752 753 732 131 827 49 396 257 99 283 
571 20 551 872 522 572 859 268 882 716 356 431 7 162 313 516 379 121 545 894 649 559 
572 22 186 895 963 571 404 432 617 243 881 2 928 358 211 600 588 508 48 551 943 461 676 673 
573 17 998 178 855 715 335 787 599 663 993 401 962 444 698 452 294 402 718 
574 22 835 224 417 836 64 619 966 372 76 82 869 620 960 756 880 257 350 795 509 934 496 918 
575 18 680 987 379 30 46 534 705 799 610 584 102 649 857 180 744 936 397 516 
576 20 1 922 674 332 395 870 271 589 348 448 60 713 388 658 707 776 671 3 808 673 
577 18 118 972 381 444 620 569 552 389 777 232 850 68 19 639 206 611 681 682 
578 19 669 292 551 348 264 590 809 364 532 684 619 14 417 104 200 72 711 605 987 
579 9 719 902 328 882 558 933 204 642 838 
580 15 403 935 218 940 863 787 814 409 256 413 603 697 259 830 7 
581 15 291 785 510 931 560 3 611 394 471 256 675 207 423 15 939 
582 17 844 810 601 101 326 350 205 86 612 687 526 593 963 646 444 47 553 
583 11 512 330 615 137 143 454 276 394 736 596 252 
584 11 177 875 925 506 878 575 15 660 55 328 533 
585 10 271 328 266 913 684 754 40 112 935 976 
586 18 902 215 873 647 651 294 755 864 500 160 41 606 337 509 664 394 11 978 
587 18 927 480 654 647 45 36 711 673 240 356 514 170 288 958 327 379 564 852 
588 19 291 812 218 330 853 880 590 91 625 155 373 457 171 908 722 572 294 818 69 
589 14 252 104 501 255 867 669 921 576 691 893 687 59 641 933 
590 22 546 955 180 528 578 855 634 887 928 588 712 103 667 91 961 0 98 297 741 367 430 189 
591 14 822 418 34 976 90 0 506 772 881 424 686 218 924 105 
592 23 829 411 472 850 81 754 833 917 670 687 174 316 395 347 9 363 634 594 264 212 85 654 302 
593 14 131 440 871 528 216 942 754 281 209 721 153 890 582 118 
594 21 992 18 673 95 435 703 556 497 652 103 525 592 195 725 291 238 714 222 179 97 705 
595 31 107 614 374 194 61 385 505 719 544 402 923 863 191 410 725 355 633 97 786 16 705 494 568 921 125 418 198 791 723 618 316 
596 22 807 71 267 73 535 888 107 523 325 669 98 505 34 339 829 998 246 162 516 827 404 583 
597 15 343 293 54 974 772 695 529 121 264 627 275 639 831 657 244 
598 15 724 779 859 957 151 731 604 138 251 255 332 114 218 341 729 
599 16 573 414 964 361 808 552 526 333 807 602 649 399 524 108 824 995 
600 18 568 896 762 410 930 645 893 803 227 258 103 66 460 433 572 779 207 481 
601 12 847 552 582 261 59 211 810 902 187 727 464 189 
602 18 71 224 57 455 898 552 96 182 599 713 312 406 40 719 432 990 493 138 
603 14 758 790 678 862 456 492 449 878 414 142 580 398 346 46 
604 24 757 328 209 922 352 368 958 660 628 83 849 270 598 753 908 515 913 140 800 700 986 768 635 612 
605 18 125 356 902 109 802 785 942 370 493 206 396 738 578 772 101 928 551 208 
606 26 755 293 295 276 542 853 327 528 947 801 972 964 975 586 565 357 318 673 254 849 793 313 901 832 747 76 
607 12 712 24 945 886 379 189 692 887 86 718 450 707 
608 16 350 57 400 900 418 700 143 34 221 219 409 677 17 131 140 650 
609 19 473 792 937 678 973 558 677 108 980 799 684 942 809 555 805 144 133 868 651 
610 15 561 911 246 976 741 137 236 292 575 690 216 727 146 435 990 
611 15 823 797 716 257 136 97 581 346 80 864 284 13 577 807 544 
612 27 671 544 444 218 903 422 702 503 935 145 684 515 635 701 337 582 785 552 240 110 680 78 663 604 924 745 795 
613 21 629 999 543 87 554 255 854 153 194 125 892 26 56 154 992 491 73 338 10 784 52 
614 17 595 118 194 749 491 208 217 398 426 198 451 544 387 144 164 322 772 
615 26 894 554 22 63 583 974 10 281 828 886 124 112 770 955 88 30 47 175 863 951 929 647 979 556 563 469 
616 19 122 301 974 833 195 761 164 984 460 928 949 344 72 123 94 742 320 132 352 
617 16 972 963 17 382 572 945 699 267 285 393 816 290 229 376 497 508 
618 17 212 115 125 542 695 777 507 236 375 210 989 57 309 978 595 486 693 
619 15 727 574 148 772 287 674 198 26 876 970 578 516 66 403 793 
620 24 871 167 491 761 577 332 776 832 475 569 907 574 221 723 679 526 7 232 373 674 25 623 268 0 
621 17 286 410 950 827 267 155 183 470 970 21 761 163 180 636 686 539 516 
622 7 629 630 322 469 116 774 122 
623 23 668 391 134 446 759 389 373 629 361 929 658 899 803 669 732 292 370 648 564 850 620 147 94 
624 15 256 704 555 970 276 943 149 414 683 398 70 264 724 647 968 
625 22 835 23 917 502 171 188 688 104 874 933 294 588 43 95 824 339 550 256 342 283 946 686 
626 12 75 564 285 944 205 425 851 968 650 304 862 940 
627 16 597 302 748 111 357 348 761 422 455 364 283 172 231 862 311 115 
628 14 717 291 16 604 524 803 811 109 750 369 13 763 167 352 
629 27 613 218 622 170 836 793 309 668 168 553 623 714 292 891 887 256 914 545 302 432 945 57 988 3 80 10 271 
630 19 112 373 778 761 622 350 492 634 306 13 930 967 730 725 566 554 305 916 646 
631 15 713 798 564 894 537 637 865 945 351 664 235 699 297 727 415 
632 19 696 535 525 145 489 134 451 270 35 825 62 21 285 90 553 102 321 643 65 
633 19 0 784 543 655 421 473 264 46 225 143 976 540 205 995 595 842 511 851 190 
634 25 907 657 80 742 823 148 951 590 286 565 630 692 289 82 239 592 190 884 965 135 860 813 546 987 344 
635 25 155 992 294 266 292 973 108 959 304 612 311 242 858 403 638 355 889 80 248 604 297 941 540 651 116 
636 11 402 654 514 43 723 9 333 380 621 321 894 
637 20 484 640 272 874 661 662 133 535 631 26 322 175 239 124 931 306 769 154 114 434 
638 13 526 920 251 885 798 358 224 86 635 917 693 861 540 
639 20 3 300 458 803 57 455 879 186 98 19 597 462 900 101 924 874 577 446 111 953 
640 17 898 67 637 411 111 498 93 520 24 956 850 515 255 417 896 400 165 
641 18 156 312 283 987 925 369 710 456 720 196 249 303 674 504 991 154 889 589 
642 15 542 878 38 514 349 135 291 42 557 856 168 967 963 579 40 
643 16 747 178 694 811 900 966 897 562 516 531 285 632 743 486 530 207 
644 15 746 944 835 228 893 569 377 420 766 51 432 997 125 140 406 
645 25 782 860 81 973 431 197 839 791 678 413 600 755 129 362 533 142 992 508 709 686 828 989 340 803 996 
646 19 336 874 465 348 891 940 798 362 328 538 807 996 531 139 393 347 582 177 630 
647 17 73 221 124 586 587 695 657 793 541 55 615 935 412 624 530 853 860 
648 11 24 218 238 131 283 504 442 623 839 401 875 
649 22 89 436 167 759 837 798 168 62 861 695 765 284 599 575 242 132 571 914 122 420 374 276 
650 21 475 910 319 959 275 217 477 510 711 199 330 93 255 41 18 719 120 626 608 22 516 
651 20 235 413 702 176 719 586 562 753 309 451 714 736 356 26 361 867 551 383 609 635 
652 28 946 873 383 691 367 239 750 968 826 708 792 834 453 318 689 131 555 558 838 594 971 782 91 906 559 24 889 26 
653 19 136 233 882 215 368 8 760 373 114 484 179 352 48 841 59 913 958 976 560 
654 23 793 839 636 126 950 501 587 138 242 906 244 238 517 132 842 66 957 389 686 454 420 592 297 
655 12 35 633 234 197 770 536 918 842 425 966 887 885 
656 23 262 520 155 251 485 22 761 772 134 800 779 677 776 661 308 351 444 59 267 438 518 510 528 
657 24 634 255 320 497 194 853 879 132 490 647 953 47 173 672 923 71 355 392 813 811 597 882 919 520 
658 20 128 482 406 397 623 555 51 431 212 983 576 144 278 749 473 765 681 903 102 325 
659 22 152 991 190 181 956 491 848 273 63 777 941 120 479 776 697 790 459 537 253 977 765 89 
660 16 460 725 997 333 853 443 160 176 604 24 584 898 966 67 974 71 
661 17 925 844 854 464 221 698 637 511 979 407 318 730 875 656 692 987 49 
662 14 22 677 308 637 544 15 101 174 907 139 820 701 702 850 
663 19 370 91 0 286 573 712 978 271 282 424 925 134 612 931 234 676 547 969 172 
664 18 263 122 929 743 407 36 222 802 956 820 631 586 483 469 900 941 30 237 
665 19 998 243 72 134 289 701 728 990 731 125 256 672 226 371 323 142 703 12 387 
666 21 791 423 274 199 76 896 509 790 773 769 453 976 219 846 454 993 191 970 668 74 71 
667 14 274 472 807 590 240 99 798 7 188 211 898 199 522 969 
668 18 143 623 113 305 370 629 377 500 513 93 757 560 775 771 666 872 931 537 
669 17 578 784 806 334 330 299 245 596 876 589 762 922 623 891 392 323 41 
670 20 858 59 539 502 398 47 258 99 755 592 530 0 868 975 169 151 929 672 61 836 
671 14 612 881 741 356 977 834 685 400 125 128 994 690 576 108 
672 13 704 11 981 665 848 657 354 202 315 164 159 735 670 
673 19 310 883 10 594 587 44 305 687 344 112 606 73 440 922 328 680 576 493 572 
674 18 857 856 576 770 391 704 504 619 641 377 721 334 237 448 97 271 146 620 
675 16 519 357 180 744 2 372 263 217 838 403 335 581 809 828 350 692 
676 22 272 59 959 987 101 784 887 507 224 11 215 874 318 942 940 363 360 663 937 712 500 572 
677 20 421 732 695 662 561 322 340 2 609 11 761 522 310 656 925 248 608 400 833 81 
678 16 815 330 603 409 645 609 1 258 922 448 291 502 525 148 504 520 
679 19 508 702 759 25 766 229 60 17 237 510 620 461 818 106 537 982 490 450 972 
680 9 487 128 575 839 445 612 937 342 673 
681 15 730 372 687 425 883 493 558 216 532 850 981 658 320 577 335 
682 26 958 920 948 98 508 249 911 441 255 547 562 546 746 72 93 873 930 771 367 922 696 928 174 577 455 263 
683 19 401 345 917 791 837 64 239 684 568 624 85 260 252 908 195 161 742 166 296 
684 22 853 414 862 298 751 585 235 811 612 683 998 559 945 609 578 11 314 704 398 292 441 842 
685 26 970 699 855 102 468 134 431 277 671 373 140 351 529 56 990 859 123 439 103 783 99 188 957 758 823 829 
686 18 752 356 479 188 232 404 781 444 532 866 378 645 654 591 825 621 43 625 
687 23 755 246 66 681 383 13 460 966 592 330 706 430 183 673 6 285 862 582 124 546 276 589 850 
688 18 184 337 938 239 625 909 566 861 229 529 117 550 146 700 519 351 38 17 
689 10 955 535 200 652 296 509 847 92 941 100 
690 11 411 111 158 150 239 671 610 512 949 786 989 
691 19 652 162 972 905 404 872 362 120 425 491 959 54 589 806 138 308 996 866 703 
692 16 28 407 277 607 634 55 286 5 526 661 541 675 534 542 359 175 
693 16 0 541 998 806 896 249 486 435 873 446 3 638 703 333 618 14 
694 15 957 521 489 224 643 429 475 113 212 538 752 86 939 849 93 
695 19 597 720 677 963 130 618 276 241 134 245 647 8 716 540 649 271 790 748 371 
696 22 632 74 110 424 280 385 814 876 392 548 315 937 170 317 895 682 522 909 907 355 98 416 
697 19 909 562 436 114 86 16 133 566 128 505 659 258 186 135 155 580 2 707 915 
698 14 889 311 147 6 183 661 787 277 186 24 573 717 63 860 
699 27 381 685 950 979 920 217 97 130 522 160 271 816 3 779 442 115 425 617 529 123 446 631 326 285 111 56 841 
700 26 60 349 565 408 333 362 228 69 608 857 784 838 377 604 688 537 558 953 58 102 739 869 16 378 135 301 
701 24 0 849 424 870 421 665 451 927 612 134 328 778 234 303 369 662 930 118 483 902 334 205 858 317 
702 19 759 651 679 120 127 612 720 978 456 530 471 662 118 54 521 203 900 852 69 
703 12 181 205 968 594 139 880 490 665 330 693 215 691 
704 17 735 935 674 624 24 832 672 931 349 81 739 37 906 493 363 684 791 
705 24 347 438 741 975 885 909 265 222 455 464 309 400 185 575 595 373 71 947 340 462 925 828 594 412 
706 18 243 322 737 994 541 324 103 476 359 22 687 179 177 970 712 29 178 808 
707 23 15 832 34 120 109 40 223 282 918 521 182 722 366 576 908 803 794 865 402 213 697 289 607 
708 13 248 393 769 244 652 546 131 305 797 530 251 733 261 
709 16 912 967 474 143 898 182 470 324 883 982 645 16 310 499 106 805 
710 21 452 807 413 999 411 893 835 136 641 96 773 295 86 716 232 986 209 192 486 897 374 
711 13 509 43 587 449 554 846 787 650 782 965 307 578 949 
712 23 607 112 551 987 949 124 467 152 973 406 287 975 663 590 371 829 939 280 29 706 43 676 201 
713 20 237 858 972 734 567 404 937 631 720 945 442 194 304 452 344 312 576 602 914 180 
714 17 186 412 494 59 453 175 629 197 917 651 499 85 916 802 421 594 765 
715 17 775 125 573 242 75 421 505 165 302 566 404 842 216 23 218 303 501 
716 17 57 774 611 166 258 695 571 710 722 295 78 338 453 859 523 982 398 
717 23 960 481 822 999 628 463 900 950 949 493 749 804 807 160 698 901 909 765 729 782 151 830 156 
718 21 861 820 366 930 996 732 15 512 256 57 419 734 75 501 743 510 607 372 573 82 147 
719 24 23 503 977 234 477 103 169 765 651 353 981 492 773 595 579 397 821 941 291 826 650 602 938 187 
720 20 516 695 262 833 357 641 702 713 397 429 801 522 823 426 751 349 908 434 407 725 
721 15 464 825 162 183 674 471 213 593 774 550 544 824 108 782 392 
722 14 942 541 480 995 707 732 716 418 540 796 588 505 5 194 
723 17 286 184 366 636 340 137 620 470 6 330 900 424 795 765 595 427 153 
724 24 419 598 403 823 96 339 414 230 246 151 546 172 728 89 879 937 55 66 438 8 624 763 260 266 
725 15 660 542 884 595 260 452 885 867 154 630 594 296 720 250 875 
726 13 470 523 462 321 877 482 900 998 557 234 994 294 544 
727 22 619 295 153 982 157 20 516 539 143 773 235 135 125 243 367 610 529 631 977 503 601 803 
728 20 236 491 350 340 35 665 68 724 176 110 97 430 996 344 54 262 414 252 378 254 
729 23 988 155 175 870 383 95 18 731 490 379 550 969 893 929 289 212 327 717 952 813 235 598 467 
730 25 467 296 681 552 150 809 221 954 323 218 560 883 319 661 630 826 368 273 892 297 939 527 955 904 6 
731 18 414 212 763 911 491 742 729 598 665 316 872 38 949 388 566 433 143 311 
732 17 435 677 17 935 834 44 289 718 324 782 722 623 751 570 755 445 328 
733 23 786 316 521 740 984 284 271 559 318 863 26 817 963 986 901 64 887 498 307 205 708 454 18 
734 18 308 330 713 469 148 887 430 7 767 116 531 718 209 374 101 999 63 735 
735 24 143 704 814 504 260 12 817 806 152 830 173 813 831 155 215 775 907 824 501 91 362 672 889 734 
736 19 362 253 379 233 749 917 133 216 970 928 490 651 118 583 267 925 421 228 156 
737 9 838 391 706 311 7 423 481 445 455 
738 15 902 499 815 69 987 983 379 285 56 33 605 5 34 971 342 
739 26 32 553 292 479 70 202 442 966 559 164 892 497 916 224 864 704 249 136 344 767 177 519 786 700 378 541 
740 11 315 482 733 889 500 402 124 477 270 521 836 
741 19 88 68 705 671 802 918 24 610 961 50 148 924 22 875 590 218 452 518 746 
742 19 201 840 899 634 158 36 515 731 924 376 369 241 166 344 683 616 557 755 237 
743 18 751 209 664 896 546 91 808 946 844 553 75 380 899 718 926 519 643 349 
744 12 288 675 37 61 141 575 551 446 100 495 784 284 
745 15 820 472 284 29 46 496 470 118 759 410 507 159 302 612 402 
746 14 644 337 88 515 423 223 315 682 769 487 15 37 741 771 
747 16 643 532 808 905 831 309 362 266 275 914 860 78 464 606 385 261 
748 13 61 751 70 158 778 438 627 106 868 977 695 887 398 
749 18 614 887 246 203 736 964 67 33 531 717 766 121 40 153 658 18 225 492 
750 21 553 652 320 993 341 781 762 113 417 921 258 940 628 903 300 877 312 17 852 396 33 
751 23 306 748 743 445 388 807 878 684 272 883 853 278 720 786 914 300 48 732 939 450 395 127 170 
752 18 887 686 919 49 165 8 558 456 694 548 137 506 26 841 570 371 473 440 
753 17 938 899 240 820 784 816 297 651 405 604 391 214 570 162 997 423 122 
754 15 821 253 497 592 961 878 585 593 278 213 319 494 178 447 358 
755 29 606 110 821 687 988 508 808 586 133 188 78 645 851 670 890 831 301 906 326 82 126 361 199 238 927 732 742 250 558 
756 8 150 169 520 574 918 292 376 429 
757 17 604 267 475 135 955 411 29 962 867 792 528 668 564 804 152 263 265 
758 11 603 373 335 964 861 106 309 685 316 449 13 
759 19 941 387 702 810 232 649 352 679 100 623 449 967 284 254 47 745 961 927 378 
760 15 395 974 29 901 851 653 905 49 53 423 825 467 6 266 346 
761 23 273 630 375 339 23 5 88 448 620 616 422 995 27 656 232 569 621 331 677 627 889 903 909 
762 22 867 412 923 600 479 796 62 750 492 56 450 255 669 305 902 360 304 770 974 122 46 905 
763 18 76 731 208 212 82 93 894 845 79 352 628 168 724 325 181 501 346 441 
764 15 167 222 324 295 831 920 186 804 62 843 962 424 950 95 274 
765 22 333 423 923 719 898 306 410 240 3 649 311 842 509 717 659 714 723 793 658 820 859 779 
766 20 335 56 143 100 679 515 149 830 749 304 109 644 255 934 321 90 209 812 940 494 
767 20 424 546 151 329 554 560 43 545 988 53 868 314 734 739 513 387 116 289 524 945 
768 13 106 189 280 444 145 830 604 960 480 967 2 846 459 
769 18 708 346 160 666 904 967 266 348 393 746 414 157 786 637 247 435 25 181 
770 16 162 674 254 655 869 615 879 18 819 447 762 276 439 156 353 502 
771 10 512 72 443 682 224 668 902 235 958 746 
772 25 34 597 84 535 477 619 205 73 656 343 299 591 510 286 292 231 494 55 312 614 74 406 815 605 908 
773 17 855 862 479 899 719 666 799 710 971 553 446 829 727 863 141 21 918 
774 17 209 716 823 405 938 819 319 622 302 286 422 441 80 721 803 986 22 
775 13 893 715 18 114 830 3 735 943 668 565 544 217 227 
776 25 38 324 232 913 559 119 111 56 620 445 487 870 659 799 978 104 357 656 576 380 85 262 222 169 196 
777 13 834 931 618 108 993 659 343 898 577 129 312 72 787 
778 17 804 952 630 120 748 68 178 824 274 38 173 808 701 455 237 491 271 
779 20 598 15 226 243 241 699 381 64 147 117 352 656 21 936 330 20 600 364 765 71 
780 18 66 47 366 134 444 512 847 828 835 323 837 956 538 848 896 490 380 350 
781 19 177 251 205 538 5 750 844 877 686 119 368 494 502 808 913 949 164 403 476 
782 18 645 143 979 911 170 819 814 732 163 472 802 652 711 161 987 928 717 721 
783 12 499 792 26 293 401 53 303 150 79 854 685 509 
784 29 633 669 6 916 407 216 676 549 753 973 320 245 863 700 799 34 533 934 879 51 473 812 952 200 613 512 173 744 279 
785 16 875 803 581 605 383 350 186 870 612 500 136 567 3 270 27 818 
786 18 733 388 906 386 14 445 446 179 595 807 751 924 26 739 377 769 294 690 
787 16 494 134 32 573 188 513 698 49 580 935 328 711 962 45 777 111 
788 8 148 541 959 852 250 962 225 874 
789 8 841 111 41 356 473 378 835 975 
790 15 413 8 975 74 603 516 445 830 666 933 399 659 695 93 534 
791 21 666 112 683 841 645 565 223 165 306 969 38 898 856 501 798 350 595 156 869 476 704 
792 20 949 783 120 354 609 797 652 425 73 330 255 138 222 299 757 871 33 149 905 525 
793 23 801 654 795 276 629 364 361 978 893 197 173 13 647 286 515 606 8 765 200 619 363 968 126 
794 17 273 138 277 314 358 310 44 237 118 71 53 707 565 6 246 285 920 
795 25 286 793 75 898 506 945 325 178 378 11 941 84 370 801 574 892 447 60 879 723 834 362 97 612 430 
796 14 762 485 346 845 16 414 947 8 395 722 147 438 377 5 
797 19 611 847 262 792 513 570 913 137 417 802 708 126 213 445 114 149 935 962 810 
798 14 73 511 631 649 638 646 162 502 5 667 791 382 298 53 
799 22 299 997 544 162 525 773 784 609 440 776 258 575 898 275 518 71 995 382 345 361 856 416 
800 15 252 99 130 931 874 196 656 9 604 883 266 806 884 820 276 
801 23 793 843 429 914 431 388 720 606 345 412 482 232 387 316 795 372 264 241 298 328 196 884 453 
802 16 259 127 605 79 741 206 983 664 797 782 957 714 107 51 138 326 
803 22 58 639 12 125 90 785 858 973 295 600 370 628 623 707 831 331 274 72 906 774 645 727 
804 19 778 196 464 891 524 531 991 764 717 425 517 202 373 757 536 381 192 882 180 
805 18 370 230 479 525 277 211 90 208 826 20 959 943 961 544 609 996 709 93 
806 27 669 735 877 693 53 524 893 232 141 21 32 350 895 409 168 400 833 691 815 88 508 899 910 419 217 800 226 
807 26 137 710 596 881 955 151 159 295 197 751 547 667 300 292 646 717 599 193 786 249 439 988 264 866 611 889 
808 19 270 137 91 755 457 747 869 430 599 5 778 743 14 781 280 500 903 576 706 
809 22 154 256 390 558 730 227 578 895 498 61 406 442 491 97 609 844 896 675 492 41 490 39 
810 18 759 582 268 18 526 497 144 121 109 262 297 385 432 601 504 158 797 466 
811 17 221 286 930 643 684 220 628 541 378 251 137 22 128 308 514 21 657 
812 15 588 93 403 122 531 13 318 894 83 976 203 345 784 766 870 
813 17 80 735 196 484 344 385 996 471 377 171 370 93 111 184 729 657 634 
814 16 490 735 542 355 952 696 157 323 782 459 580 94 832 348 85 530 
815 24 678 284 846 937 508 61 962 940 420 738 287 297 48 530 113 957 305 190 806 539 891 543 486 772 
816 9 442 432 411 265 753 839 699 617 488 
817 19 74 976 735 358 351 225 79 222 959 918 97 545 733 896 982 179 910 263 365 
818 20 820 15 452 105 36 218 835 9 215 6 492 985 679 330 263 929 294 785 588 345 
819 20 466 167 533 133 360 545 774 240 782 912 57 304 247 164 770 224 839 219 551 460 
820 25 818 75 190 718 745 142 173 753 171 823 964 526 377 541 664 662 67 527 922 765 544 118 800 501 495 
821 15 262 755 238 754 930 357 18 468 50 975 381 719 823 534 936 
822 13 591 495 988 717 236 556 359 69 25 844 392 444 216 
823 31 306 611 724 193 774 103 946 854 277 634 887 952 820 832 263 370 480 720 357 296 259 821 323 262 397 288 209 328 504 685 546 
824 24 199 983 140 937 886 436 384 778 28 891 625 281 735 242 41 272 143 409 368 721 313 887 112 599 
825 21 195 721 366 53 282 404 632 222 456 400 760 953 208 901 499 295 918 686 175 46 411 
826 15 539 652 949 247 515 908 805 877 292 218 719 730 1 918 860 
827 19 41 238 883 98 621 461 513 112 429 281 910 950 37 570 596 313 555 253 895 
828 14 100 993 615 95 780 18 553 135 33 645 675 559 705 423 
829 20 936 592 329 893 16 290 138 180 282 960 712 496 596 773 950 567 254 275 685 876 
830 19 368 775 834 735 790 881 37 766 537 831 977 62 768 910 850 61 197 717 580 
831 21 953 20 535 523 764 747 999 77 196 755 735 830 803 46 597 70 459 280 982 247 63 
832 23 934 291 707 159 44 496 823 704 360 313 167 620 238 480 128 321 568 477 542 814 606 938 114 
833 19 541 616 437 720 852 592 960 565 155 554 806 230 197 451 979 941 882 356 677 
834 23 777 134 844 359 875 830 652 563 271 732 366 671 165 523 185 0 988 922 77 932 199 259 795 
835 23 574 625 298 262 537 644 710 818 52 499 270 909 551 226 548 944 789 562 780 347 881 372 248 
836 14 574 629 211 962 995 192 129 848 445 522 873 670 892 740 
837 12 3 683 649 262 55 514 325 57 27 508 780 310 
838 17 737 440 74 904 518 166 55 652 675 46 700 980 865 366 579 142 490 
839 22 31 654 28 230 998 339 645 914 551 272 680 169 816 562 917 499 405 819 866 648 371 338 
840 15 742 530 392 324 870 222 547 325 413 252 480 37 897 982 134 
841 16 789 463 791 356 297 102 945 967 515 653 752 85 344 863 530 699 
842 15 304 297 232 437 994 969 182 654 715 655 633 219 765 412 684 
843 14 801 157 148 150 564 952 238 195 333 506 764 352 314 422 
844 16 834 661 555 582 781 978 400 280 743 926 809 822 30 969 317 28 
845 16 997 45 180 81 888 763 194 796 70 325 998 233 150 533 118 184 
846 17 815 48 558 892 238 427 953 277 666 711 261 229 133 199 880 768 74 
847 14 601 300 797 235 870 780 285 936 438 689 151 529 482 290 
848 11 659 979 445 163 672 836 250 207 780 245 48 
849 17 914 701 101 474 53 182 219 196 694 604 969 493 452 390 189 606 462 
850 20 913 969 301 592 60 482 489 923 4 577 123 681 232 640 830 298 662 623 687 480 
851 17 545 760 549 387 77 376 755 345 870 633 897 626 408 178 445 185 404 
852 19 226 473 833 143 51 171 866 189 562 59 358 788 509 750 900 354 111 587 702 
853 21 33 970 109 103 660 684 588 540 657 606 76 288 751 254 105 499 113 60 186 647 192 
854 19 340 661 823 388 542 482 613 467 468 20 239 224 365 107 783 967 429 989 338 
855 20 386 773 573 685 101 884 868 590 526 976 858 358 153 97 70 174 132 313 292 35 
856 11 674 558 428 642 9 126 41 791 286 383 799 
857 14 674 963 173 942 928 233 425 9 700 461 127 91 575 526 
858 23 514 899 119 713 670 23 431 343 944 855 803 290 918 435 25 635 109 881 149 401 96 701 126 
859 15 240 314 598 533 268 183 571 891 260 685 716 436 220 765 200 
860 18 645 453 491 435 24 958 456 747 394 890 344 484 698 634 647 826 229 372 
861 15 718 1 12 221 216 910 688 649 339 758 55 638 883 51 175 
862 20 421 773 527 868 336 684 41 229 403 603 411 444 687 893 230 988 627 433 626 162 
863 23 36 77 202 544 595 176 440 519 420 784 733 580 241 32 615 185 27 773 432 549 280 841 348 
864 11 533 974 586 396 18 140 739 611 205 459 250 
865 16 102 908 919 911 120 631 277 838 394 378 707 991 307 89 36 224 
866 17 971 194 871 905 255 951 12 686 917 474 852 510 839 175 923 807 691 
867 10 762 96 39 987 589 757 212 725 651 235 
868 20 528 441 862 276 855 929 193 551 474 767 748 184 227 337 670 260 932 609 463 199 
869 16 538 408 400 354 234 940 808 574 378 957 770 492 55 201 700 791 
870 23 729 568 701 514 112 150 576 847 785 840 776 980 271 417 318 366 851 255 30 812 400 978 374 
871 17 13 450 620 990 593 866 265 792 71 8 227 208 397 88 544 391 130 
872 14 956 358 239 571 172 691 279 945 335 731 28 169 57 668 
873 24 255 145 555 652 341 586 541 196 107 693 48 42 682 51 836 450 282 97 964 390 291 11 566 130 
874 18 646 101 637 931 625 676 505 351 325 279 800 892 479 413 639 72 788 939 
875 14 79 535 785 584 834 147 99 16 449 267 741 661 648 725 
876 25 102 472 32 88 696 669 429 314 564 212 525 913 13 96 442 619 408 23 236 155 554 522 81 829 901 
877 11 5 806 85 970 781 726 182 956 826 750 314 
878 13 642 334 80 333 751 194 992 255 754 584 603 138 171 
879 16 920 996 657 639 119 724 107 884 770 928 784 321 77 795 439 906 
880 15 987 434 884 588 101 224 937 378 533 703 574 83 984 846 915 
881 18 957 807 887 197 137 671 433 572 830 296 394 591 225 858 408 835 202 146 
882 20 53 149 520 653 427 342 233 257 571 579 243 285 174 552 255 8 414 833 657 804 
883 22 306 93 219 174 673 827 34 343 929 751 372 130 681 955 491 730 526 709 411 861 800 921 
884 17 855 457 880 520 189 62 725 29 455 879 85 958 634 537 801 327 800 
885 15 362 359 302 638 705 68 426 110 725 7 48 218 338 655 926 
886 12 498 607 824 505 615 44 206 117 270 957 53 413 
887 26 752 898 881 988 749 823 676 925 590 213 607 8 734 629 899 973 733 434 123 476 953 655 196 748 15 824 
888 12 596 845 195 409 236 271 11 335 111 923 64 557 
889 20 214 698 740 965 409 104 380 489 967 635 761 366 41 235 419 735 652 474 641 807 
890 13 233 386 411 755 267 504 414 168 128 860 520 593 450 
891 20 533 46 528 955 804 646 824 629 27 185 902 913 932 859 669 944 487 418 951 815 
892 15 967 391 29 846 427 411 119 739 613 874 306 795 730 939 836 
893 30 775 426 478 829 147 208 25 138 901 710 600 806 245 793 644 335 146 528 145 469 729 302 234 34 589 248 334 862 110 949 
894 22 615 217 345 534 763 426 112 631 971 150 328 308 812 433 394 503 68 425 571 13 372 636 
895 18 21 355 480 572 487 291 521 809 392 48 806 28 696 327 928 459 427 827 
896 18 931 942 600 294 693 666 743 392 959 49 817 322 809 284 640 98 780 11 
897 12 392 643 69 546 196 132 277 78 851 710 331 840 
898 31 986 960 887 234 795 640 325 709 765 602 253 397 526 344 777 447 192 80 954 978 339 791 799 660 394 667 544 967 553 239 492 
899 15 29 753 379 563 858 742 297 773 398 623 887 743 806 111 540 
900 16 24 144 178 717 513 643 913 608 639 726 664 723 501 452 852 702 
901 14 893 68 760 420 294 449 39 130 733 717 825 606 876 100 
902 18 605 586 738 266 579 71 157 223 963 462 891 205 762 121 601 771 701 928 
903 18 502 336 612 159 91 16 38 160 119 750 561 761 535 808 49 658 169 117 
904 24 550 913 438 37 450 838 388 25 530 148 769 476 163 933 427 99 218 995 947 213 227 317 22 730 
905 22 11 381 97 284 691 32 95 866 747 920 79 164 508 760 232 263 336 321 928 792 353 762 
906 16 402 178 786 408 256 214 654 355 755 393 704 652 276 803 108 879 
907 19 634 166 961 471 394 979 358 620 662 452 735 42 271 13 202 343 696 558 379 
908 17 865 555 560 344 975 179 826 558 132 683 604 707 720 588 999 215 772 
909 17 697 523 532 205 688 444 705 835 218 259 981 717 293 696 185 761 980 
910 21 198 922 335 650 68 231 111 861 141 538 992 151 2 76 827 927 830 806 139 121 817 
911 20 47 919 731 610 436 865 443 682 101 570 978 782 297 357 434 416 109 204 551 989 
912 10 709 9 343 978 275 154 819 943 919 941 
913 32 850 263 64 904 481 180 184 394 567 190 776 900 585 346 797 876 115 166 891 604 158 55 653 781 547 370 465 540 186 88 485 335 
914 13 849 801 839 315 629 747 31 751 224 203 713 649 168 
915 15 977 72 314 244 175 954 440 528 360 63 880 507 697 268 168 
916 15 191 82 784 541 345 51 269 739 171 714 42 372 274 630 321 
917 21 625 301 683 124 736 416 369 592 279 714 866 937 340 284 567 262 839 638 387 238 166 
918 21 247 741 12 858 707 817 171 958 963 391 655 756 380 385 223 378 825 264 826 773 574 
919 17 554 752 865 911 400 351 439 372 218 959 153 912 121 441 477 527 657 
920 14 14 682 879 378 354 638 699 905 764 467 208 501 485 794 
921 15 929 391 114 750 589 947 26 463 988 595 221 515 137 112 883 
922 24 910 576 153 554 344 604 112 18 419 975 224 678 669 834 445 71 987 673 488 355 177 682 820 96 
923 22 334 762 447 765 265 595 534 526 850 358 488 307 340 430 986 303 657 866 66 888 310 21 
924 13 164 191 742 235 325 741 786 639 591 612 245 343 929 
925 18 661 954 641 584 887 220 945 224 99 52 663 677 91 736 59 490 276 705 
926 15 224 421 305 213 46 940 308 991 944 959 844 72 743 885 280 
927 22 587 175 92 294 149 397 954 300 161 463 701 549 948 444 759 256 755 910 476 434 275 19 
928 24 962 857 221 590 996 260 572 736 616 250 879 979 998 895 905 7 682 5 782 238 902 335 605 527 
929 21 260 664 868 102 169 921 118 377 883 623 150 366 480 977 729 615 457 670 818 472 924 
930 17 821 98 144 811 276 430 600 370 718 454 65 427 630 682 701 211 408 
931 24 896 777 116 336 704 365 874 97 581 180 800 387 963 114 316 226 637 287 522 492 663 996 668 330 
932 13 527 32 62 415 154 891 80 190 834 566 446 559 868 
933 15 103 15 217 140 332 198 389 380 790 625 126 964 904 579 589 
934 15 469 832 284 152 939 553 499 362 784 92 7 766 528 243 574 
935 25 580 91 704 315 259 732 514 612 224 455 387 361 30 113 52 787 221 500 797 418 360 647 158 348 585 
936 16 829 131 170 969 285 355 847 779 459 280 367 193 575 376 400 821 
937 20 815 62 609 713 401 880 824 696 997 724 917 563 66 534 189 470 680 676 505 36 
938 15 753 981 140 315 688 252 774 249 381 513 545 719 832 423 466 
939 17 957 972 934 392 983 694 534 712 126 349 751 892 730 545 581 874 179 
940 21 483 519 340 815 179 276 377 926 869 646 116 502 283 750 580 676 403 192 948 766 626 
941 23 759 366 382 468 395 89 213 402 264 659 719 795 253 544 155 664 364 833 912 74 689 531 635 
942 23 65 896 857 454 16 263 471 976 11 300 215 722 593 953 339 676 340 609 605 228 141 131 26 
943 12 72 509 624 517 427 367 912 950 805 775 572 992 
944 15 465 644 858 349 626 835 352 926 361 891 442 491 138 462 213 
945 23 607 461 321 253 795 841 482 713 925 631 557 28 143 617 872 684 535 45 257 629 993 767 16 
946 16 652 823 463 377 0 563 483 129 743 421 987 323 437 418 625 363 
947 15 138 531 415 606 568 921 377 213 501 796 705 208 419 904 74 
948 19 296 453 468 682 371 188 16 927 97 79 153 171 415 12 141 233 940 344 488 
949 14 792 712 826 401 717 373 488 731 968 616 711 781 690 893 
950 22 535 699 654 717 621 375 347 146 943 296 341 526 142 964 764 829 827 530 970 262 272 420 
951 13 634 100 288 58 335 331 866 329 353 121 615 891 76 
952 19 482 778 534 252 814 823 120 539 843 65 264 78 531 784 729 953 409 310 419 
953 26 831 204 481 104 305 422 989 173 144 846 363 942 657 62 964 368 40 111 825 700 887 5 428 952 154 639 
954 14 318 925 473 171 312 927 332 730 259 915 898 117 103 457 
955 22 513 590 807 137 442 689 891 757 959 246 282 883 198 615 429 462 983 416 534 121 730 347 
956 19 309 872 137 982 659 274 312 48 664 877 290 334 549 508 271 303 640 780 99 
957 17 881 694 939 598 565 869 147 82 552 802 815 654 440 133 886 685 990 
958 21 266 682 153 117 190 288 604 332 384 860 918 357 39 501 653 133 587 884 273 115 771 
959 19 676 409 650 512 955 919 788 43 817 635 896 805 191 65 691 926 363 77 425 
960 21 898 247 565 717 37 416 833 13 235 377 574 829 535 430 292 196 141 136 357 286 768 
961 24 971 320 138 319 522 907 397 754 218 741 66 493 759 590 340 161 169 141 349 805 242 92 211 412 
962 19 514 928 815 463 836 204 757 465 520 554 573 397 787 764 788 797 429 541 287 
963 19 857 458 333 68 695 617 572 358 902 642 931 918 569 190 965 733 207 582 369 
964 24 93 66 370 502 516 820 599 749 160 174 14 606 953 933 543 158 758 354 950 873 204 538 377 18 
965 14 20 990 128 343 889 995 963 78 314 711 112 544 634 155 
966 13 284 574 79 464 643 51 687 739 531 660 655 105 20 
967 17 709 892 70 759 373 841 642 769 463 327 889 630 994 365 854 898 768 
968 16 652 131 703 183 18 121 507 400 81 179 949 626 364 793 624 346 
969 22 850 171 404 936 5 238 324 335 550 842 791 849 524 729 76 64 844 438 667 289 245 663 
970 19 685 74 853 319 317 624 877 621 736 706 619 11 527 343 98 174 666 950 406 
971 18 199 961 866 169 398 894 773 283 204 652 49 336 475 281 416 569 271 738 
972 18 617 713 262 577 443 451 939 691 23 386 178 79 606 406 292 160 679 123 
973 26 161 534 645 712 803 495 609 496 784 635 7 267 25 550 887 95 75 353 241 229 358 172 502 213 399 131 
974 17 369 597 616 760 864 500 615 234 352 249 511 660 762 439 519 377 240 
975 23 180 790 432 249 530 69 524 280 821 705 908 712 922 606 99 789 157 670 386 516 461 342 478 
976 19 122 300 817 591 27 942 855 633 666 610 551 428 812 258 446 993 653 585 243 
977 11 719 232 915 671 929 748 830 162 659 310 727 
978 18 189 25 912 793 120 844 911 663 702 78 534 185 898 776 618 992 586 870 
979 20 517 22 60 382 699 782 181 907 848 661 393 928 833 615 17 43 277 259 112 278 
980 22 1 65 328 86 391 550 276 535 609 329 556 870 83 407 838 303 405 69 341 177 351 909 
981 12 938 57 719 672 503 31 909 515 283 681 463 458 
982 20 956 191 16 469 727 998 523 417 333 253 499 709 261 477 817 679 474 716 840 831 
983 13 824 152 197 508 264 565 802 939 658 955 738 357 393 
984 10 259 411 272 310 733 295 559 616 997 880 
985 16 193 452 250 448 502 473 818 88 114 516 37 83 469 488 568 105 
986 17 898 339 561 68 402 168 5 69 995 710 733 923 420 604 774 284 497 
987 20 676 712 641 880 575 867 506 144 44 256 738 501 217 922 946 782 661 578 125 634 
988 15 822 154 729 64 887 755 245 767 834 93 921 19 807 862 629 
989 14 140 231 953 383 91 496 618 116 645 453 854 911 690 46 
990 16 993 871 96 965 408 112 369 558 665 436 232 685 957 602 175 610 
991 11 659 512 11 97 804 641 926 865 107 449 364 
992 19 594 635 557 155 246 878 910 996 645 613 266 477 381 98 118 978 73 943 537 
993 23 39 990 750 510 573 777 141 828 443 496 500 84 534 976 666 49 54 362 252 90 128 945 461 
994 15 706 239 521 94 842 538 373 21 671 450 967 37 45 121 726 
995 17 266 411 518 153 388 102 836 761 722 46 633 965 986 904 799 434 599 
996 25 217 295 879 371 412 78 718 570 45 928 333 646 271 813 992 24 180 728 13 163 931 805 691 161 645 
997 16 799 845 199 660 461 532 529 937 139 234 984 753 96 18 644 120 
998 20 573 665 453 839 693 315 305 411 982 153 684 284 845 596 726 552 928 102 208 543 
999 14 114 613 717 414 710 208 831 1 285 734 908 453 502 559 
