1000
0 5 633 394 693 701 1 
1 5 576 980 237 0 2 
2 3 140 1 3 
3 7 21 88 639 392 837 4 2 
4 4 201 3 525 5 
5 4 877 371 4 6 
6 5 246 567 250 5 7 
7 5 363 479 542 6 8 
8 4 790 56 7 9 
9 3 110 8 10 
10 3 540 9 11 
11 7 466 84 202 991 905 10 12 
12 3 735 11 13 
13 4 871 245 12 14 
14 4 920 301 13 15 
15 9 707 262 336 933 394 818 478 14 16 
16 5 145 196 942 15 17 
17 3 51 16 18 
18 6 32 375 594 775 17 19 
19 3 116 18 20 
20 6 965 831 116 500 19 21 
21 6 3 895 135 509 20 22 
22 6 979 662 29 309 21 23 
23 5 719 625 858 22 24 
24 6 900 648 607 75 23 25 
25 5 419 978 893 24 26 
26 4 568 783 25 27 
27 2 26 28 
28 4 839 692 27 29 
29 8 899 419 559 201 22 359 28 30 
30 4 158 156 29 31 
31 6 96 839 408 279 30 32 
32 4 18 739 31 33 
33 4 853 285 32 34 
34 4 772 591 33 35 
35 3 655 34 36 
36 5 863 433 479 35 37 
37 3 960 36 38 
38 5 463 642 776 37 39 
39 4 993 310 38 40 
40 5 202 193 99 39 41 
41 5 94 827 789 40 42 
42 3 105 41 43 
43 2 42 44 
44 4 46 454 43 45 
45 3 845 44 46 
46 5 486 44 891 45 47 
47 5 270 380 911 46 48 
48 5 541 265 846 47 49 
49 4 419 538 48 50 
50 3 367 49 51 
51 6 17 395 85 516 50 52 
52 2 51 53 
53 3 882 52 54 
54 4 597 504 53 55 
55 4 309 530 54 56 
56 5 143 8 766 55 57 
57 4 716 981 56 58 
58 5 394 514 803 57 59 
59 6 676 349 670 714 58 60 
60 7 381 474 979 421 700 59 61 
61 10 748 492 225 815 64 595 413 396 60 62 
62 3 253 61 63 
63 3 446 62 64 
64 5 913 988 61 63 65 
65 6 942 563 224 220 64 66 
66 6 381 687 964 780 65 67 
67 5 214 433 640 66 68 
68 6 150 963 207 901 67 69 
69 3 519 68 70 
70 4 748 967 69 71 
71 4 596 602 70 72 
72 5 154 915 943 71 73 
73 6 798 647 596 91 72 74 
74 6 970 696 817 790 73 75 
75 8 563 820 410 517 795 24 74 76 
76 6 154 294 763 77 666 75 
77 3 76 863 78 
78 3 211 77 79 
79 5 875 117 205 78 80 
80 4 309 634 79 81 
81 3 645 80 82 
82 4 916 305 81 83 
83 3 490 82 84 
84 4 11 772 83 85 
85 6 252 51 309 312 84 86 
86 2 85 87 
87 4 450 435 86 88 
88 4 3 239 87 89 
89 5 649 237 470 88 90 
90 3 436 89 91 
91 7 275 416 663 126 73 90 92 
92 5 474 106 927 91 93 
93 6 883 812 501 964 92 94 
94 5 41 549 178 93 95 
95 4 394 175 94 96 
96 7 31 534 511 724 867 95 97 
97 5 174 359 504 96 98 
98 6 317 182 682 930 97 99 
99 3 40 98 100 
100 3 201 99 101 
101 3 855 100 102 
102 6 865 530 876 685 101 103 
103 5 933 823 719 102 104 
104 4 305 953 103 105 
105 3 42 104 106 
106 4 768 92 105 107 
107 4 595 451 106 108 
108 4 334 449 107 109 
109 4 295 853 108 110 
110 6 755 9 696 344 109 111 
111 4 789 325 110 112 
112 6 630 712 791 217 111 113 
113 5 237 547 277 112 114 
114 5 158 999 144 113 115 
115 4 618 558 114 116 
116 6 427 20 931 19 115 117 
117 4 79 958 116 118 
118 4 577 614 117 119 
119 4 434 858 118 120 
120 4 792 778 119 121 
121 2 120 122 
122 6 616 976 344 664 121 123 
123 3 321 122 124 
124 5 175 712 647 123 125 
125 5 605 715 618 124 126 
126 6 460 654 91 131 125 127 
127 2 126 128 
128 4 658 680 127 129 
129 4 428 426 128 130 
130 3 194 129 131 
131 7 163 593 154 126 936 130 132 
132 3 523 131 133 
133 3 258 132 134 
134 5 834 787 623 133 135 
135 5 338 21 187 134 136 
136 4 653 488 135 137 
137 8 807 434 956 881 808 955 136 138 
138 6 143 947 893 961 137 139 
139 5 362 510 365 138 140 
140 4 2 938 139 141 
141 4 479 557 140 142 
142 4 419 820 141 143 
143 10 735 275 144 56 268 138 668 373 782 142 
144 5 382 900 143 114 145 
145 4 16 873 144 146 
146 3 229 145 147 
147 7 499 378 893 698 561 146 148 
148 5 788 843 634 147 149 
149 3 882 148 150 
150 4 68 553 149 151 
151 6 807 490 767 283 150 152 
152 4 659 983 151 153 
153 5 958 922 480 152 154 
154 7 76 988 809 131 72 153 155 
155 7 635 342 992 729 551 154 156 
156 5 30 641 224 155 157 
157 6 208 299 221 843 156 158 
158 6 114 30 479 742 157 159 
159 4 807 832 158 160 
160 3 547 159 161 
161 6 462 973 284 246 160 162 
162 3 770 161 163 
163 4 265 131 162 164 
164 5 924 183 383 163 165 
165 3 408 164 166 
166 4 354 907 165 167 
167 5 764 649 423 166 168 
168 6 381 319 178 463 167 169 
169 2 168 170 
170 3 442 169 171 
171 4 954 969 170 172 
172 2 171 173 
173 4 175 857 172 174 
174 5 97 883 384 173 175 
175 7 173 124 95 927 729 174 176 
176 3 490 175 177 
177 5 781 218 584 176 178 
178 8 573 94 900 906 168 643 177 179 
179 4 212 441 178 180 
180 4 590 975 179 181 
181 5 494 703 478 180 182 
182 6 255 98 375 257 181 183 
183 4 164 390 182 184 
184 3 688 183 185 
185 3 554 184 186 
186 5 572 714 458 185 187 
187 5 446 323 135 186 188 
188 3 217 187 189 
189 6 208 978 340 768 188 190 
190 4 820 659 189 191 
191 4 916 382 190 192 
192 5 210 205 538 191 193 
193 5 985 823 40 192 194 
194 8 433 866 130 595 657 614 193 195 
195 4 825 457 194 196 
196 6 410 804 16 495 195 197 
197 6 497 881 807 983 196 198 
198 4 910 252 197 199 
199 6 824 971 666 997 198 200 
200 3 230 199 201 
201 6 742 4 100 29 200 202 
202 6 437 11 40 390 201 203 
203 4 561 409 202 204 
204 4 953 433 203 205 
205 5 79 192 568 204 206 
206 3 347 205 207 
207 4 319 68 206 208 
208 6 189 157 893 763 207 209 
209 4 774 604 208 210 
210 4 192 231 209 211 
211 3 78 210 212 
212 7 618 179 731 345 500 211 213 
213 3 926 212 214 
214 5 889 67 472 213 215 
215 5 253 418 586 214 216 
216 2 215 217 
217 7 188 894 996 933 112 216 218 
218 6 629 177 612 588 217 219 
219 4 883 474 218 220 
220 3 65 219 221 
221 5 811 157 647 220 222 
222 4 764 498 221 223 
223 4 544 286 222 224 
224 8 926 65 358 574 156 602 223 225 
225 5 255 398 61 224 226 
226 3 852 225 227 
227 4 518 478 226 228 
228 2 227 229 
229 5 410 146 284 228 230 
230 6 805 839 200 344 229 231 
231 5 324 210 485 230 232 
232 4 977 759 231 233 
233 5 653 409 890 232 234 
234 8 319 655 898 406 719 408 233 235 
235 4 651 354 234 236 
236 7 728 303 822 497 325 235 237 
237 6 89 113 713 1 236 238 
238 4 821 399 237 239 
239 4 88 652 238 240 
240 5 859 753 361 239 241 
241 4 515 398 240 242 
242 2 241 243 
243 4 706 665 242 244 
244 4 350 708 243 245 
245 3 13 244 246 
246 7 6 687 511 161 553 245 247 
247 5 960 918 293 246 248 
248 3 708 247 249 
249 7 377 434 493 477 975 248 250 
250 4 393 6 249 251 
251 4 300 557 250 252 
252 6 411 85 332 198 251 253 
253 7 215 62 558 736 945 252 254 
254 5 564 477 441 253 255 
255 7 873 182 417 225 657 254 256 
256 4 624 307 255 257 
257 3 182 256 258 
258 3 133 257 259 
259 4 984 802 258 260 
260 6 929 496 477 735 259 261 
261 3 489 262 260 
262 8 821 656 15 972 400 835 261 263 
263 6 913 519 664 942 262 264 
264 6 314 280 469 578 263 265 
265 4 163 48 264 266 
266 4 958 995 265 267 
267 4 596 757 266 268 
268 4 143 507 267 269 
269 7 438 505 485 312 391 268 270 
270 5 415 47 808 269 271 
271 3 585 270 272 
272 4 676 415 271 273 
273 4 761 794 272 274 
274 5 666 376 667 273 275 
275 4 143 91 274 276 
276 5 472 606 793 275 277 
277 4 113 823 276 278 
278 2 277 279 
279 3 31 278 280 
280 7 264 499 768 459 696 279 281 
281 3 327 280 282 
282 4 403 467 281 283 
283 4 151 641 282 284 
284 9 521 293 815 966 161 934 229 283 285 
285 5 365 33 353 284 286 
286 8 795 811 723 621 223 459 285 287 
287 3 564 286 288 
288 4 744 525 287 289 
289 4 563 469 288 290 
290 3 565 289 291 
291 6 588 832 544 304 290 292 
292 3 578 291 293 
293 7 597 304 284 606 247 292 294 
294 4 76 635 293 295 
295 6 606 109 807 996 294 296 
296 4 948 730 295 297 
297 5 504 899 842 296 298 
298 5 469 835 513 297 299 
299 4 799 157 298 300 
300 8 639 847 357 539 251 976 299 301 
301 6 850 616 14 917 300 302 
302 3 543 301 303 
303 4 539 236 302 304 
304 6 293 504 842 291 303 305 
305 6 104 953 926 82 304 306 
306 5 883 823 751 305 307 
307 4 536 256 306 308 
308 4 734 498 307 309 
309 7 956 80 55 85 22 308 310 
310 4 673 39 309 311 
311 3 698 310 312 
312 7 401 85 641 269 474 311 313 
313 3 519 312 314 
314 4 264 859 313 315 
315 4 740 445 314 316 
316 5 347 733 527 315 317 
317 4 98 970 316 318 
318 3 954 317 319 
319 6 234 207 168 970 318 320 
320 4 657 961 319 321 
321 4 123 945 320 322 
322 4 706 409 321 323 
323 3 187 322 324 
324 3 231 323 325 
325 5 111 236 898 324 326 
326 5 461 555 378 325 327 
327 3 281 326 328 
328 4 604 585 327 329 
329 3 829 328 330 
330 6 734 678 588 669 329 331 
331 2 330 332 
332 3 252 331 333 
333 4 765 963 332 334 
334 7 108 923 878 669 396 333 335 
335 7 499 361 910 766 573 334 336 
336 4 15 646 335 337 
337 3 688 336 338 
338 3 135 337 339 
339 3 986 338 340 
340 7 525 854 189 940 433 339 341 
341 5 509 873 569 340 342 
342 4 155 426 341 343 
343 3 597 342 344 
344 5 122 230 110 343 345 
345 5 894 683 212 344 346 
346 2 345 347 
347 5 316 705 206 346 348 
348 4 508 578 347 349 
349 4 59 370 348 350 
350 4 244 728 349 351 
351 2 350 352 
352 2 351 353 
353 3 285 352 354 
354 6 235 166 920 792 353 355 
355 4 439 895 354 356 
356 4 605 686 355 357 
357 4 300 821 356 358 
358 6 394 224 872 817 357 359 
359 5 834 97 29 358 360 
360 3 389 359 361 
361 7 475 480 335 538 240 360 362 
362 6 480 139 736 885 361 363 
363 3 7 362 364 
364 4 387 496 363 365 
365 6 557 285 139 567 364 366 
366 5 941 397 825 365 367 
367 4 50 652 366 368 
368 3 830 367 369 
369 4 974 493 368 370 
370 6 663 805 349 964 369 371 
371 4 5 948 370 372 
372 3 534 371 373 
373 4 630 143 372 374 
374 3 595 373 375 
375 4 18 182 374 376 
376 3 274 375 377 
377 4 415 249 376 378 
378 5 147 326 920 377 379 
379 3 899 378 380 
380 3 47 379 381 
381 8 66 60 699 168 905 577 380 382 
382 7 144 191 941 979 506 381 383 
383 4 652 164 382 384 
384 4 531 174 383 385 
385 2 384 386 
386 4 855 525 385 387 
387 4 759 364 386 388 
388 4 786 751 387 389 
389 4 360 516 388 390 
390 6 531 557 202 183 389 391 
391 5 737 623 269 390 392 
392 4 897 3 391 393 
393 5 250 708 526 392 394 
394 8 494 0 58 358 15 95 393 395 
395 4 51 760 394 396 
396 6 517 518 61 334 395 397 
397 3 366 396 398 
398 5 516 225 241 397 399 
399 3 238 398 400 
400 3 262 399 401 
401 6 683 530 434 312 400 402 
402 4 906 636 401 403 
403 6 580 724 282 812 402 404 
404 3 431 403 405 
405 2 404 406 
406 3 234 405 407 
407 3 692 406 408 
408 7 31 869 165 906 234 407 409 
409 6 322 959 203 233 408 410 
410 8 497 196 75 229 525 621 409 411 
411 8 995 252 592 984 445 690 410 412 
412 4 714 762 411 413 
413 6 790 710 651 61 412 414 
414 4 731 999 413 415 
415 5 377 270 272 414 416 
416 3 91 415 417 
417 4 255 468 416 418 
418 5 591 215 561 417 419 
419 7 49 724 25 29 142 418 420 
420 2 419 421 
421 7 862 677 926 60 633 420 422 
422 4 501 953 421 423 
423 5 666 765 167 422 424 
424 5 767 701 696 423 425 
425 2 424 426 
426 5 893 342 129 425 427 
427 4 116 882 426 428 
428 5 452 491 129 427 429 
429 3 801 428 430 
430 3 559 429 431 
431 6 404 507 858 645 430 432 
432 4 975 816 431 433 
433 7 194 67 36 204 340 432 434 
434 7 119 137 515 401 249 433 435 
435 5 732 535 87 434 436 
436 5 481 649 90 435 437 
437 4 202 510 436 438 
438 4 269 904 437 439 
439 4 355 562 438 440 
440 4 838 500 439 441 
441 5 179 254 868 440 442 
442 4 816 170 441 443 
443 4 556 972 442 444 
444 3 612 443 445 
445 5 315 411 751 444 446 
446 4 187 63 445 447 
447 3 923 446 448 
448 2 447 449 
449 4 108 515 448 450 
450 5 555 87 871 449 451 
451 4 500 107 450 452 
452 5 710 428 818 451 453 
453 5 860 948 998 452 454 
454 4 942 44 453 455 
455 2 454 456 
456 2 455 457 
457 3 195 456 458 
458 4 186 963 457 459 
459 4 280 286 458 460 
460 5 660 470 126 459 461 
461 4 326 945 460 462 
462 3 161 461 463 
463 4 38 168 462 464 
464 3 721 463 465 
465 2 464 466 
466 5 11 819 503 465 467 
467 5 730 712 282 466 468 
468 5 547 948 417 467 469 
469 7 298 934 264 289 478 468 470 
470 6 460 726 544 89 469 471 
471 3 569 470 472 
472 6 276 876 592 214 471 473 
473 5 609 954 633 472 474 
474 8 60 506 92 709 219 312 473 475 
475 4 361 650 474 476 
476 2 475 477 
477 6 254 260 249 719 476 478 
478 7 893 181 15 227 469 477 479 
479 8 773 158 141 36 7 686 478 480 
480 8 362 361 895 510 153 587 479 481 
481 6 436 717 953 913 480 482 
482 4 952 740 481 483 
483 4 526 940 482 484 
484 3 637 483 485 
485 4 269 231 484 486 
486 3 46 485 487 
487 4 525 680 486 488 
488 3 136 487 489 
489 5 261 547 694 488 490 
490 6 83 814 176 151 489 491 
491 4 428 728 490 492 
492 3 61 491 493 
493 4 369 249 492 494 
494 6 394 181 787 714 493 495 
495 4 822 196 494 496 
496 5 528 260 364 495 497 
497 6 197 410 236 657 496 498 
498 6 567 222 308 886 497 499 
499 6 147 335 280 783 498 500 
500 7 451 521 20 212 440 499 501 
501 4 93 422 500 502 
502 4 903 625 501 503 
503 4 719 466 502 504 
504 7 297 304 54 735 97 503 505 
505 3 269 504 506 
506 5 474 795 382 505 507 
507 4 431 268 506 508 
508 5 348 815 679 507 509 
509 5 711 21 341 508 510 
510 5 480 139 437 509 511 
511 5 798 96 246 510 512 
512 5 991 771 583 511 513 
513 4 955 298 512 514 
514 7 858 962 58 566 642 513 515 
515 6 434 241 561 449 514 516 
516 7 560 398 51 720 389 515 517 
517 5 396 979 75 516 518 
518 4 396 227 517 519 
519 7 675 263 69 940 313 518 520 
520 4 882 656 519 521 
521 6 284 694 500 733 520 522 
522 2 521 523 
523 6 831 909 132 726 522 524 
524 2 523 525 
525 9 487 340 410 632 288 386 4 524 526 
526 4 483 393 525 527 
527 5 862 932 316 526 528 
528 6 496 868 590 891 527 529 
529 3 597 528 530 
530 5 102 401 55 529 531 
531 5 390 384 947 530 532 
532 2 531 533 
533 4 891 864 532 534 
534 5 96 372 973 533 535 
535 9 950 875 831 632 435 772 596 534 536 
536 3 307 535 537 
537 2 536 538 
538 6 869 192 49 361 537 539 
539 5 826 303 300 538 540 
540 3 10 539 541 
541 5 48 833 693 540 542 
542 5 642 814 7 541 543 
543 5 633 302 613 542 544 
544 6 612 291 223 470 543 545 
545 3 851 544 546 
546 4 767 590 545 547 
547 6 468 113 489 160 546 548 
548 2 547 549 
549 3 94 548 550 
550 3 904 549 551 
551 7 712 571 578 558 155 550 552 
552 3 601 551 553 
553 6 750 150 246 739 552 554 
554 5 185 919 922 553 555 
555 6 873 450 326 844 554 556 
556 4 443 822 555 557 
557 7 365 390 992 251 141 556 558 
558 5 115 253 551 557 559 
559 4 430 29 558 560 
560 3 516 559 561 
561 8 203 418 677 610 515 147 560 562 
562 3 439 561 563 
563 6 75 899 65 289 562 564 
564 4 254 287 563 565 
565 4 290 960 564 566 
566 3 514 565 567 
567 5 498 6 365 566 568 
568 6 205 600 26 870 567 569 
569 4 471 341 568 570 
570 2 569 571 
571 3 551 570 572 
572 4 186 895 571 573 
573 7 998 178 855 715 335 572 574 
574 4 835 224 573 575 
575 2 574 576 
576 5 1 922 674 575 577 
577 5 118 972 381 576 578 
578 8 669 292 551 348 264 590 577 579 
579 2 578 580 
580 4 403 935 579 581 
581 2 580 582 
582 3 844 581 583 
583 3 512 582 584 
584 4 177 875 583 585 
585 4 271 328 584 586 
586 5 902 215 873 585 587 
587 4 927 480 586 588 
588 6 291 812 218 330 587 589 
589 2 588 590 
590 7 546 955 180 528 578 589 591 
591 5 822 418 34 590 592 
592 6 829 411 472 850 591 593 
593 3 131 592 594 
594 4 992 18 593 595 
595 7 107 614 374 194 61 594 596 
596 8 807 71 267 73 535 888 595 597 
597 9 343 293 54 974 772 695 529 596 598 
598 5 724 779 859 597 599 
599 2 598 600 
600 4 568 896 599 601 
601 4 847 552 600 602 
602 4 71 224 601 603 
603 4 758 790 602 604 
604 5 757 328 209 603 605 
605 5 125 356 902 604 606 
606 6 755 293 295 276 605 607 
607 6 712 24 945 886 606 608 
608 2 607 609 
609 4 473 792 608 610 
610 3 561 609 611 
611 4 823 797 610 612 
612 6 671 544 444 218 611 613 
613 5 629 999 543 612 614 
614 5 595 118 194 613 615 
615 3 894 614 616 
616 5 122 301 974 615 617 
617 3 972 616 618 
618 5 212 115 125 617 619 
619 2 618 620 
620 3 871 619 621 
621 4 286 410 620 622 
622 3 629 621 623 
623 5 668 391 134 622 624 
624 3 256 623 625 
625 6 835 23 917 502 624 626 
626 2 625 627 
627 2 626 628 
628 3 717 627 629 
629 5 613 218 622 628 630 
630 6 112 373 778 761 629 631 
631 2 630 632 
632 5 696 535 525 631 633 
633 8 0 784 543 655 421 473 632 634 
634 8 907 657 80 742 823 148 633 635 
635 5 155 992 294 634 636 
636 4 402 654 635 637 
637 4 484 640 636 638 
638 2 637 639 
639 4 3 300 638 640 
640 5 898 67 637 639 641 
641 6 156 312 283 987 640 642 
642 6 542 878 38 514 641 643 
643 4 747 178 642 644 
644 3 746 643 645 
645 7 782 860 81 973 431 644 646 
646 3 336 645 647 
647 5 73 221 124 646 648 
648 3 24 647 649 
649 6 89 436 167 759 648 650 
650 4 475 910 649 651 
651 5 235 413 702 650 652 
652 11 946 873 383 691 367 239 750 968 826 651 653 
653 5 136 233 882 652 654 
654 6 793 839 636 126 653 655 
655 5 35 633 234 654 656 
656 4 262 520 655 657 
657 7 634 255 320 497 194 656 658 
658 3 128 657 659 
659 5 152 991 190 658 660 
660 4 460 725 659 661 
661 5 925 844 854 660 662 
662 4 22 677 661 663 
663 4 370 91 662 664 
664 4 263 122 663 665 
665 4 998 243 664 666 
666 7 791 423 274 199 76 665 667 
667 3 274 666 668 
668 4 143 623 667 669 
669 7 578 784 806 334 330 668 670 
670 4 858 59 669 671 
671 3 612 670 672 
672 2 671 673 
673 4 310 883 672 674 
674 6 857 856 576 770 673 675 
675 3 519 674 676 
676 6 272 59 959 987 675 677 
677 7 421 732 695 662 561 676 678 
678 4 815 330 677 679 
679 4 508 702 678 680 
680 4 487 128 679 681 
681 2 680 682 
682 6 958 920 948 98 681 683 
683 4 401 345 682 684 
684 2 683 685 
685 6 970 699 855 102 684 686 
686 5 752 356 479 685 687 
687 5 755 246 66 686 688 
688 4 184 337 687 689 
689 2 688 690 
690 3 411 689 691 
691 3 652 690 692 
692 4 28 407 691 693 
693 5 0 541 998 692 694 
694 5 957 521 489 693 695 
695 6 597 720 677 963 694 696 
696 7 632 74 110 424 280 695 697 
697 3 909 696 698 
698 5 889 311 147 697 699 
699 6 381 685 950 979 698 700 
700 3 60 699 701 
701 6 0 849 424 870 700 702 
702 5 759 651 679 701 703 
703 3 181 702 704 
704 3 735 703 705 
705 3 347 704 706 
706 4 243 322 705 707 
707 4 15 832 706 708 
708 6 248 393 769 244 707 709 
709 5 912 967 474 708 710 
710 6 452 807 413 999 709 711 
711 3 509 710 712 
712 9 607 112 551 987 949 124 467 711 713 
713 6 237 858 972 734 712 714 
714 6 186 412 494 59 713 715 
715 5 775 125 573 714 716 
716 4 57 774 715 717 
717 7 960 481 822 999 628 716 718 
718 4 861 820 717 719 
719 8 23 503 977 234 477 103 718 720 
720 4 516 695 719 721 
721 4 464 825 720 722 
722 2 721 723 
723 3 286 722 724 
724 7 419 598 403 823 96 723 725 
725 3 660 724 726 
726 4 470 523 725 727 
727 2 726 728 
728 5 236 491 350 727 729 
729 6 988 155 175 870 728 730 
730 4 467 296 729 731 
731 5 414 212 763 730 732 
732 4 435 677 731 733 
733 5 786 316 521 732 734 
734 5 308 330 713 733 735 
735 10 143 704 814 504 260 12 817 806 734 736 
736 4 362 253 735 737 
737 4 838 391 736 738 
738 3 902 737 739 
739 4 32 553 738 740 
740 4 315 482 739 741 
741 2 740 742 
742 7 201 840 899 634 158 741 743 
743 3 751 742 744 
744 3 288 743 745 
745 3 820 744 746 
746 3 644 745 747 
747 3 643 746 748 
748 5 61 751 70 747 749 
749 2 748 750 
750 4 553 652 749 751 
751 8 306 748 743 445 388 807 750 752 
752 5 887 686 919 751 753 
753 5 938 899 240 752 754 
754 3 821 753 755 
755 6 606 110 821 687 754 756 
756 2 755 757 
757 4 604 267 756 758 
758 3 603 757 759 
759 8 941 387 702 810 232 649 758 760 
760 4 395 974 759 761 
761 4 273 630 760 762 
762 5 867 412 923 761 763 
763 5 76 731 208 762 764 
764 4 167 222 763 765 
765 4 333 423 764 766 
766 4 335 56 765 767 
767 5 424 546 151 766 768 
768 5 106 189 280 767 769 
769 3 708 768 770 
770 4 162 674 769 771 
771 3 512 770 772 
772 6 34 597 84 535 771 773 
773 5 855 862 479 772 774 
774 5 209 716 823 773 775 
775 5 893 715 18 774 776 
776 3 38 775 777 
777 4 834 931 776 778 
778 6 804 952 630 120 777 779 
779 3 598 778 780 
780 3 66 779 781 
781 3 177 780 782 
782 4 645 143 781 783 
783 5 499 792 26 782 784 
784 4 633 669 783 785 
785 3 875 784 786 
786 5 733 388 906 785 787 
787 4 494 134 786 788 
788 3 148 787 789 
789 5 841 111 41 788 790 
790 7 413 8 975 74 603 789 791 
791 4 666 112 790 792 
792 7 949 783 120 354 609 791 793 
793 6 801 654 795 276 792 794 
794 3 273 793 795 
795 8 286 793 75 898 506 945 794 796 
796 2 795 797 
797 4 611 847 796 798 
798 4 73 511 797 799 
799 4 299 997 798 800 
800 2 799 801 
801 5 793 843 429 800 802 
802 3 259 801 803 
803 3 58 802 804 
804 4 778 196 803 805 
805 4 370 230 804 806 
806 5 669 735 877 805 807 
807 12 137 710 596 881 955 151 159 295 197 751 806 808 
808 4 270 137 807 809 
809 3 154 808 810 
810 3 759 809 811 
811 4 221 286 810 812 
812 5 588 93 403 811 813 
813 2 812 814 
814 5 490 735 542 813 815 
815 9 678 284 846 937 508 61 962 814 816 
816 4 442 432 815 817 
817 6 74 976 735 358 816 818 
818 5 820 15 452 817 819 
819 3 466 818 820 
820 8 818 75 190 718 745 142 819 821 
821 8 262 755 238 754 930 357 820 822 
822 8 591 495 988 717 236 556 821 823 
823 12 306 611 724 193 774 103 946 854 277 634 822 824 
824 4 199 983 823 825 
825 5 195 721 366 824 826 
826 4 539 652 825 827 
827 3 41 826 828 
828 2 827 829 
829 6 936 592 329 893 828 830 
830 3 368 829 831 
831 6 953 20 535 523 830 832 
832 6 934 291 707 159 831 833 
833 3 541 832 834 
834 7 777 134 844 359 875 833 835 
835 6 574 625 298 262 834 836 
836 2 835 837 
837 3 3 836 838 
838 4 737 440 837 839 
839 7 31 654 28 230 998 838 840 
840 3 742 839 841 
841 3 789 840 842 
842 4 304 297 841 843 
843 5 801 157 148 842 844 
844 6 834 661 555 582 843 845 
845 4 997 45 844 846 
846 4 815 48 845 847 
847 5 601 300 797 846 848 
848 2 847 849 
849 4 914 701 848 850 
850 6 913 969 301 592 849 851 
851 3 545 850 852 
852 3 226 851 853 
853 5 33 970 109 852 854 
854 5 340 661 823 853 855 
855 8 386 773 573 685 101 884 854 856 
856 3 674 855 857 
857 6 674 963 173 942 856 858 
858 9 514 899 119 713 670 23 431 857 859 
859 5 240 314 598 858 860 
860 4 645 453 859 861 
861 3 718 860 862 
862 6 421 773 527 868 861 863 
863 4 36 77 862 864 
864 4 533 974 863 865 
865 4 102 908 864 866 
866 4 971 194 865 867 
867 4 762 96 866 868 
868 5 528 441 862 867 869 
869 4 538 408 868 870 
870 5 729 568 701 869 871 
871 5 13 450 620 870 872 
872 4 956 358 871 873 
873 8 255 145 555 652 341 586 872 874 
874 2 873 875 
875 7 79 535 785 584 834 874 876 
876 4 102 472 875 877 
877 4 5 806 876 878 
878 4 642 334 877 879 
879 3 920 878 880 
880 2 879 881 
881 7 957 807 887 197 137 880 882 
882 7 53 149 520 653 427 881 883 
883 7 306 93 219 174 673 882 884 
884 3 855 883 885 
885 3 362 884 886 
886 4 498 607 885 887 
887 6 752 898 881 988 886 888 
888 3 596 887 889 
889 4 214 698 888 890 
890 3 233 889 891 
891 5 533 46 528 890 892 
892 3 967 891 893 
893 11 775 426 478 829 147 208 25 138 901 892 894 
894 5 615 217 345 893 895 
895 6 21 355 480 572 894 896 
896 5 931 942 600 895 897 
897 3 392 896 898 
898 9 986 960 887 234 795 640 325 897 899 
899 9 29 753 379 563 858 742 297 898 900 
900 5 24 144 178 899 901 
901 4 893 68 900 902 
902 5 605 586 738 901 903 
903 3 502 902 904 
904 5 550 913 438 903 905 
905 4 11 381 904 906 
906 6 402 178 786 408 905 907 
907 4 634 166 906 908 
908 3 865 907 909 
909 4 697 523 908 910 
910 6 198 922 335 650 909 911 
911 3 47 910 912 
912 3 709 911 913 
913 7 850 263 64 904 481 912 914 
914 3 849 913 915 
915 4 977 72 914 916 
916 4 191 82 915 917 
917 4 625 301 916 918 
918 3 247 917 919 
919 4 554 752 918 920 
920 7 14 682 879 378 354 919 921 
921 2 920 922 
922 6 910 576 153 554 921 923 
923 5 334 762 447 922 924 
924 3 164 923 925 
925 4 661 954 924 926 
926 6 224 421 305 213 925 927 
927 5 587 175 92 926 928 
928 3 962 927 929 
929 3 260 928 930 
930 4 821 98 929 931 
931 5 896 777 116 930 932 
932 3 527 931 933 
933 5 103 15 217 932 934 
934 5 469 832 284 933 935 
935 3 580 934 936 
936 4 829 131 935 937 
937 3 815 936 938 
938 5 753 981 140 937 939 
939 3 957 938 940 
940 5 483 519 340 939 941 
941 5 759 366 382 940 942 
942 8 65 896 857 454 16 263 941 943 
943 3 72 942 944 
944 2 943 945 
945 7 607 461 321 253 795 944 946 
946 4 652 823 945 947 
947 4 138 531 946 948 
948 7 296 453 468 682 371 947 949 
949 4 792 712 948 950 
950 4 535 699 949 951 
951 2 950 952 
952 4 482 778 951 953 
953 8 831 204 481 104 305 422 952 954 
954 6 318 925 473 171 953 955 
955 6 513 590 807 137 954 956 
956 5 309 872 137 955 957 
957 5 881 694 939 956 958 
958 6 266 682 153 117 957 959 
959 4 676 409 958 960 
960 7 898 247 565 717 37 959 961 
961 5 971 320 138 960 962 
962 5 514 928 815 961 963 
963 7 857 458 333 68 695 962 964 
964 5 93 66 370 963 965 
965 3 20 964 966 
966 3 284 965 967 
967 5 709 892 70 966 968 
968 3 652 967 969 
969 4 850 171 968 970 
970 7 685 74 853 319 317 969 971 
971 5 199 961 866 970 972 
972 7 617 713 262 577 443 971 973 
973 5 161 534 645 972 974 
974 7 369 597 616 760 864 973 975 
975 6 180 790 432 249 974 976 
976 5 122 300 817 975 977 
977 5 719 232 915 976 978 
978 4 189 25 977 979 
979 7 517 22 60 382 699 978 980 
980 3 1 979 981 
981 4 938 57 980 982 
982 2 981 983 
983 5 824 152 197 982 984 
984 4 259 411 983 985 
985 3 193 984 986 
986 4 898 339 985 987 
987 5 676 712 641 986 988 
988 7 822 154 729 64 887 987 989 
989 2 988 990 
990 3 993 989 991 
991 5 659 512 11 990 992 
992 6 594 635 557 155 991 993 
993 4 39 990 992 994 
994 2 993 995 
995 4 266 411 994 996 
996 4 217 295 995 997 
997 5 799 845 199 996 998 
998 7 573 665 453 839 693 997 999 
999 6 114 613 717 414 710 998 
